64430.446
61408.89699998
59533.04099998
58537.78999998
58506.48299997
59773.82799998
61174.03799999
65471.77799999
70781.30399998
73697.837
75653.242
75805.62799999
73613.69999999
75606.55199997
77311.98699998
77015.89799999
75072.474
71301.84799998
71269.79099998
74197.30499998
73435.05499999
72993.06699998
71120.78899998
68164.48299997
64678.61
61756.38999999
59641.02099999
58498.93799999
57742.56099999
57182.65699999
55508.42299999
57144.47799997
60543.78299999
62973.21799999
64479.95699999
64884.82799997
64241.30999999
64257.27199998
64296.07399999
64038.887
63755.51199998
64070.774
68547.86
72072.12699999
70601.66699999
68233.73799999
65864.94199999
62915.52199998
58658.141
57307.358
55608.38199999
54336.14
53621.59799998
52794.71299999
50182.09
50493.05
52475.31599998
54089.2
55303.94599998
56289.25099997
56308.03299999
56344.86499998
56519.30699999
56716.22899999
57095.11699999
58767.05799999
63187.69099999
66705.35099998
66160.94199998
65112.80199999
63577.75299999
61206.06099999
58680.06299999
56597.29799998
54832.74399999
53833.154
53575.59899998
53857.07899998
52871.17499998
55180.96899999
59061.44699997
61589.95299998
63354.89799998
64142.80099998
63713.22699997
65128.91499999
65900.91099998
66064.10999999
65717.93999997
63813.36499999
65705.70699998
69838.95999999
68992.79299998
68756.17099998
67694.69899998
64962.36099998
62082.31399998
59524.66699998
57769.63499999
56627.85899998
56046.151
56024.38199998
54012.94699999
55449.29199999
58241.20199999
60221.04899998
61709.91599999
62739.19999999
62823.109
64319.516
64850.71199998
64807.52499997
64377.29099998
63358.62199997
67015.20499999
71506.795
70737.31999999
70159.054
68766.825
65729.87999998
62539.90799998
60094.70099999
58310.47799999
57266.44399999
57004.34499998
57466.33599999
57427.62199999
61349.85099998
66419.83799999
69400.60399997
71779.05199999
72702.463
72834.67199999
76280.31999999
78006.05099997
77718.26399998
76260.80599999
72180.98599999
72352.52699998
74787.67599998
74370.61999999
75014.46899998
73387.447
69560.20699998
65715.16499999
62746.00599999
60926.10199997
59769.39199999
59476.16699998
60431.67499999
61836.962
66506.06399998
72680.05899998
76146.13599998
78704.42399998
78928.996
77047.36399998
79628.00799998
81637.605
81181.00599999
79688.16199998
74827.42699997
74455.78799999
77313.80599999
76657.76
77197.58099999
75449.77699999
71613.84199997
67578.982
64384.91699998
62240.19299998
61001.87699999
60764.77299998
61633.23199999
62786.52099999
67335.54499997
73249.251
76587.80699998
78712.255
79762.082
77985.85999999
80930.64799999
83042.57399997
82866.357
80481.81899999
75106.61599999
74902.438
77917.33599999
76699.42399998
76995.52699999
75701.93499999
72580.38899996
68958.59999998
65985.92499999
63493.46399997
61954.29399998
61158.41499998
60465.59699998
58833.93199999
60772.94899996
64602.58
67214.97299999
68700.33599998
69155.25599998
68365.34099997
68509.23399999
68851.75199999
68372.51399998
67689.25799997
67331.64799998
71772.92799999
75077.26499998
73280.33999998
71499.84699996
69232.94199998
66721.29399998
64015.07799999
61261.12399998
59066.58799998
57527.582
56582.38299998
55442.66199999
52814.20699998
53061.39299999
55002.32999999
56602.92299999
57905.75899999
59276.80699999
59461.08199997
59275.54999999
59332.52099999
59466.21299997
59930.95999999
61427.11199998
66881.75199999
69994.24499997
69383.93699998
68662.54399998
67342.90899999
64606.55599999
61432.51499998
59125.75299999
57528.94399997
56577.81799998
56534.83499998
57995.32299999
59816.84799999
64189.37399998
70340.91599999
73872.06399999
76101.187
76508.67099998
74157.33199998
76371.177
78211.75399999
78134.94899998
76877.74499998
71914.30599999
71822.49399999
74642.38299998
74163.85899998
74720.89699998
72427.96599999
68158.912
64199.49699999
61143.48999998
59334.06899998
58421.24799999
58466.32099997
59874.25999997
61257.80699999
65382.77099998
70931.69199996
74366.69799998
76926.59999997
77167.35999999
74979.26099999
77486.549
79408.54599998
79437.55799999
78292.59199999
73324.63199997
73424.73999999
76174.61999998
75778.47799999
76254.22599998
73927.43099999
69944.583
65709.498
62371.456
60344.35799998
59279.73499998
59244.51199999
60702.57499997
62411.33299997
66538.93699999
72606.888
76021.26599999
78753.55399999
79370.34999999
77331.19899999
80134.902
82087.82999999
81712.45599998
79700.76099998
74640.74899997
74787.55699999
77095.88399997
76516.96399999
77013.23799999
74945.26399999
71022.93399999
66883.35799999
63652.10899999
61494.81599999
60425.91799999
60338.35199997
61512.57199998
62969.04499999
67126.44999999
73164.35299999
76663.04899999
79131.35199998
79711.80699999
77481.08499999
80194.02999998
82149.07399998
81754.56499999
80269.244
75240.297
75072.56999999
77296.27999998
76639.65999998
77330.92699998
75174.16299999
71349.13199999
67163.89499998
63910.21499998
61687.196
60492.75899999
60387.62999999
61737.08499998
63380.49999998
67645.774
73778.68299999
77166.52199998
79612.871
79700.241
77385.27299998
79739.44999999
81450.444
80539.352
77880.30699998
73190.51
73987.90399999
75713.79299999
74463.09299999
74546.05399998
72756.22399999
69512.696
66070.83299999
63077.886
60820.874
59741.35699996
58959.72899999
58681.57499998
57367.06099999
59467.84399998
63265.30399999
65853.41299998
67383.42699997
67832.952
67124.54899999
67007.64499998
66854.064
66482.45599997
65949.77499999
66284.675
71794.01299998
73676.03799998
71415.85899998
69342.50699999
66948.34699998
64238.65199999
61165.74499998
58592.43799998
56403.06699998
55013.41899998
54275.792
53231.04099999
50786.41799998
51147.831
53274.47499999
55047.82099999
56630.367
57942.85099998
57910.76399997
57792.56399998
58035.15799997
58228.30999999
59154.64599999
60740.56999999
67091.65399999
69085.60599998
68527.512
67883.71199999
66730.52099999
63982.06999997
60884.88399999
58493.84599999
56987.76199998
56252.51099999
56546.41299999
58252.96399998
60409.29599998
64996.68799999
71897.22399999
75740.291
78615.92199999
79344.973
77273.48599998
79740.26099999
81614.00899999
81449.78099998
79882.88699998
74914.01399999
75042.56199998
77321.013
76688.452
77212.922
75226.83899999
71331.92499998
67065.44699998
63883.12999998
61750.59099998
60703.909
60530.46099999
61645.22599999
62952.28599999
67179.01299998
73206.396
76767.733
79351.03699999
79988.47999999
78074.91999999
80999.558
82892.561
82754.80799999
81086.11099999
76131.03599998
76288.35999998
78407.60999998
77645.161
78209.19699999
75885.97599998
71520.24699999
67412.34499997
63956.81299999
61946.03199999
60814.317
60714.53899999
61886.61199999
63354.37099997
67305.11699999
73395.06199997
76672.405
78736.93299999
79014.549
76599.10799998
78728.92299999
80382.565
79654.568
78186.222
73348.82399998
74837.20099999
76048.41599998
75485.445
75619.492
73426.862
68984.41599999
64606.12899998
61412.11699999
59450.53199999
58507.664
58416.25399999
59526.84299999
61586.975
64991.02899999
70157.643
72368.85599999
73983.40699998
74003.49499998
71409.20399999
73100.69299999
74399.33299998
74193.32299999
73378.42799998
69681.66199999
71165.43499997
73086.37699998
72023.029
71963.05499998
69219.76099999
65206.33599998
61194.08899998
57968.32599998
56091.15699998
55394.93099999
55593.18699998
57117.25899997
59065.34799999
63008.28399998
68312.00999999
70870.41199998
72834.36999998
72939.16599997
70441.09399998
71905.36599998
73201.287
72928.85699999
71521.53999998
68908.78999997
70818.78199999
72281.58799999
70866.72999998
70341.94499998
67884.55399999
64355.28399998
60466.01499998
57586.78199998
55597.80399999
54552.64799999
54277.111
54352.43199999
53460.97099999
55519.08799999
59193.99299999
61626.82399999
63139.71699998
63447.308
62903.99399999
62811.11299999
62990.89199998
63049.30899998
62788.78299999
63767.06299998
69746.23099997
71983.84099999
69200.78499999
66618.47699999
63829.51199999
60777.28899997
57624.61599999
55219.56499998
53426.39399999
52233.91099999
51420.16199999
50670.39699998
48369.90499999
48822.28
51206.93299998
53098.441
54712.59899999
55973.52099998
56148.74899998
56120.26599998
56207.37999999
56295.76299998
57161.64599999
59537.77899999
66186.59299998
68598.39799999
67692.02499999
66478.094
64871.86799998
61953.41699999
58760.88299998
56340.15299999
54765.53699998
54095.65399999
54122.95799998
55838.87499999
58118.89799999
62076.70699998
68178.20399999
71778.28999998
74458.18999998
75347.25599998
73256.66
75618.19599999
77383.783
77599.39499999
76461.70299998
72063.07499997
73228.90399998
75334.35699998
74593.738
74522.504
71940.268
67597.18699999
63487.47099999
60420.459
58364.67799998
57348.76799997
57275.22599996
58738.43299998
60563.59499999
64593.78399998
70358.68799999
73603.70499999
76037.29299997
76628.32899999
74291.78599999
76717.67399999
78487.85299999
78685.32
77524.23299999
73363.50499999
74423.932
76002.66699999
75117.676
75097.93899998
72267.57699998
67775.05499999
63233.12899999
60099.27599999
58227.68699999
57205.23399999
57262.975
58895.06099999
60627.71899998
64383.051
69792.91899998
72962.964
75197.96799998
75722.94399999
73561.26399999
76034.946
77993.71799999
77994.88799998
76879.12999998
72726.04599998
74203.81399997
75316.93699998
74247.356
74230.26099999
71537.947
67089.40599998
63067.91699997
59764.94799999
57820.236
56992.85199998
56971.323
58498.51299998
60380.725
64211.16199996
69502.893
72124.81299997
74419.65799999
75006.13299998
72733.93699999
74912.86499998
76483.251
76239.03199998
75258.17399998
71201.81499998
72855.99399999
74161.72999999
72908.86599998
72784.924
70170.00599999
65931.09699999
61615.97796199
58506.24152199
56670.851795
55914.938515
55959.59999999
57594.08799999
59605.06699999
63281.68399999
68491.17099998
71191.70199998
73282.19199999
73826.05099999
71600.04869398
73872.95612899
75536.43508998
75366.19065498
73555.00713999
69901.88566199
71986.39083499
73145.91781199
71669.24656299
71145.23058699
68942.92571197
65108.46940497
61284.948617
58416.709959
56509.70654699
55221.22413099
54657.57866999
54483.359556
53516.96136199
55823.88816998
59706.51482597
62242.64694999
63696.70406698
64243.73564498
63401.30016898
63232.60589299
63328.32921499
63324.38014397
63145.50578299
64322.47196998
70499.86431699
71756.15670699
69676.93660999
67142.24480999
64332.06388699
61260.67646199
58242.92954199
