64430.446 6545.454545 
61408.89699998 6545.454545 
59533.04099998 32727.272727 
58537.78999998 26181.818182 
58506.48299997 36000.000000 
59773.82799998 0.000000 
61174.03799999 26181.818182 
65471.77799999 36000.000000 
70781.30399998 19636.363636 
73697.837 6545.454545 
75653.242 0.000000 
75805.62799999 0.000000 
73613.69999999 32727.272727 
75606.55199997 0.000000 
77311.98699998 19636.363636 
77015.89799999 36000.000000 
75072.474 36000.000000 
71301.84799998 26181.818182 
71269.79099998 6545.454545 
74197.30499998 13090.909091 
73435.05499999 0.000000 
72993.06699998 36000.000000 
71120.78899998 32727.272727 
68164.48299997 0.000000 
64678.61 36000.000000 
61756.38999999 19636.363636 
59641.02099999 0.000000 
58498.93799999 19636.363636 
57742.56099999 36000.000000 
57182.65699999 6545.454545 
55508.42299999 32727.272727 
57144.47799997 32727.272727 
60543.78299999 19636.363636 
62973.21799999 36000.000000 
64479.95699999 6545.454545 
64884.82799997 32727.272727 
64241.30999999 6545.454545 
64257.27199998 0.000000 
64296.07399999 0.000000 
64038.887 13090.909091 
63755.51199998 36000.000000 
64070.774 26181.818182 
68547.86 36000.000000 
72072.12699999 19636.363636 
70601.66699999 13090.909091 
68233.73799999 0.000000 
65864.94199999 26181.818182 
62915.52199998 0.000000 
58658.141 0.000000 
57307.358 0.000000 
55608.38199999 0.000000 
54336.14 32727.272727 
53621.59799998 0.000000 
52794.71299999 26181.818182 
50182.09 0.000000 
50493.05 19636.363636 
52475.31599998 36000.000000 
54089.2 36000.000000 
55303.94599998 36000.000000 
56289.25099997 13090.909091 
56308.03299999 6545.454545 
56344.86499998 32727.272727 
56519.30699999 19636.363636 
56716.22899999 32727.272727 
57095.11699999 36000.000000 
58767.05799999 13090.909091 
63187.69099999 19636.363636 
66705.35099998 0.000000 
66160.94199998 13090.909091 
65112.80199999 6545.454545 
63577.75299999 6545.454545 
61206.06099999 6545.454545 
58680.06299999 19636.363636 
56597.29799998 0.000000 
54832.74399999 6545.454545 
53833.154 0.000000 
53575.59899998 0.000000 
53857.07899998 13090.909091 
52871.17499998 19636.363636 
55180.96899999 0.000000 
59061.44699997 26181.818182 
61589.95299998 0.000000 
63354.89799998 32727.272727 
64142.80099998 19636.363636 
63713.22699997 26181.818182 
65128.91499999 36000.000000 
65900.91099998 36000.000000 
66064.10999999 36000.000000 
65717.93999997 13090.909091 
63813.36499999 19636.363636 
65705.70699998 32727.272727 
69838.95999999 36000.000000 
68992.79299998 0.000000 
68756.17099998 6545.454545 
67694.69899998 19636.363636 
64962.36099998 26181.818182 
62082.31399998 0.000000 
59524.66699998 36000.000000 
57769.63499999 19636.363636 
56627.85899998 13090.909091 
56046.151 19636.363636 
56024.38199998 36000.000000 
54012.94699999 32727.272727 
55449.29199999 6545.454545 
58241.20199999 36000.000000 
60221.04899998 32727.272727 
61709.91599999 19636.363636 
62739.19999999 6545.454545 
62823.109 13090.909091 
64319.516 19636.363636 
64850.71199998 19636.363636 
64807.52499997 0.000000 
64377.29099998 26181.818182 
63358.62199997 36000.000000 
67015.20499999 13090.909091 
71506.795 13090.909091 
70737.31999999 13090.909091 
70159.054 0.000000 
68766.825 32727.272727 
65729.87999998 6545.454545 
62539.90799998 19636.363636 
60094.70099999 0.000000 
58310.47799999 13090.909091 
57266.44399999 0.000000 
57004.34499998 26181.818182 
57466.33599999 26181.818182 
57427.62199999 32727.272727 
61349.85099998 32727.272727 
66419.83799999 19636.363636 
69400.60399997 26181.818182 
71779.05199999 36000.000000 
72702.463 0.000000 
72834.67199999 0.000000 
76280.31999999 36000.000000 
78006.05099997 6545.454545 
77718.26399998 19636.363636 
76260.80599999 0.000000 
72180.98599999 6545.454545 
72352.52699998 19636.363636 
74787.67599998 36000.000000 
74370.61999999 26181.818182 
75014.46899998 6545.454545 
73387.447 0.000000 
69560.20699998 26181.818182 
65715.16499999 26181.818182 
62746.00599999 13090.909091 
60926.10199997 26181.818182 
59769.39199999 0.000000 
59476.16699998 36000.000000 
60431.67499999 32727.272727 
61836.962 0.000000 
66506.06399998 0.000000 
72680.05899998 0.000000 
76146.13599998 36000.000000 
78704.42399998 19636.363636 
78928.996 26181.818182 
77047.36399998 0.000000 
79628.00799998 13090.909091 
81637.605 36000.000000 
81181.00599999 36000.000000 
79688.16199998 6545.454545 
74827.42699997 26181.818182 
74455.78799999 6545.454545 
77313.80599999 0.000000 
76657.76 6545.454545 
77197.58099999 0.000000 
75449.77699999 0.000000 
71613.84199997 0.000000 
67578.982 26181.818182 
64384.91699998 0.000000 
62240.19299998 6545.454545 
61001.87699999 36000.000000 
60764.77299998 36000.000000 
61633.23199999 13090.909091 
62786.52099999 26181.818182 
67335.54499997 36000.000000 
73249.251 0.000000 
76587.80699998 26181.818182 
78712.255 36000.000000 
79762.082 36000.000000 
77985.85999999 13090.909091 
80930.64799999 36000.000000 
83042.57399997 6545.454545 
82866.357 6545.454545 
80481.81899999 6545.454545 
75106.61599999 0.000000 
74902.438 6545.454545 
77917.33599999 13090.909091 
76699.42399998 32727.272727 
76995.52699999 13090.909091 
75701.93499999 36000.000000 
72580.38899996 6545.454545 
68958.59999998 19636.363636 
65985.92499999 6545.454545 
63493.46399997 36000.000000 
61954.29399998 32727.272727 
61158.41499998 0.000000 
60465.59699998 19636.363636 
58833.93199999 36000.000000 
60772.94899996 26181.818182 
64602.58 36000.000000 
67214.97299999 19636.363636 
68700.33599998 32727.272727 
69155.25599998 19636.363636 
68365.34099997 0.000000 
68509.23399999 32727.272727 
68851.75199999 36000.000000 
68372.51399998 36000.000000 
67689.25799997 19636.363636 
67331.64799998 19636.363636 
71772.92799999 0.000000 
75077.26499998 36000.000000 
73280.33999998 13090.909091 
71499.84699996 0.000000 
69232.94199998 36000.000000 
66721.29399998 32727.272727 
64015.07799999 0.000000 
61261.12399998 6545.454545 
59066.58799998 13090.909091 
57527.582 19636.363636 
56582.38299998 36000.000000 
55442.66199999 0.000000 
52814.20699998 6545.454545 
53061.39299999 19636.363636 
55002.32999999 26181.818182 
56602.92299999 32727.272727 
57905.75899999 0.000000 
59276.80699999 0.000000 
59461.08199997 36000.000000 
59275.54999999 0.000000 
59332.52099999 13090.909091 
59466.21299997 13090.909091 
59930.95999999 26181.818182 
61427.11199998 19636.363636 
66881.75199999 0.000000 
69994.24499997 13090.909091 
69383.93699998 19636.363636 
68662.54399998 0.000000 
67342.90899999 36000.000000 
64606.55599999 36000.000000 
61432.51499998 0.000000 
59125.75299999 26181.818182 
57528.94399997 13090.909091 
56577.81799998 0.000000 
56534.83499998 26181.818182 
57995.32299999 26181.818182 
59816.84799999 0.000000 
64189.37399998 36000.000000 
70340.91599999 6545.454545 
73872.06399999 13090.909091 
76101.187 36000.000000 
76508.67099998 0.000000 
74157.33199998 13090.909091 
76371.177 36000.000000 
78211.75399999 13090.909091 
78134.94899998 13090.909091 
76877.74499998 32727.272727 
71914.30599999 36000.000000 
71822.49399999 19636.363636 
74642.38299998 26181.818182 
74163.85899998 0.000000 
74720.89699998 36000.000000 
72427.96599999 13090.909091 
68158.912 19636.363636 
64199.49699999 6545.454545 
61143.48999998 32727.272727 
59334.06899998 19636.363636 
58421.24799999 0.000000 
58466.32099997 32727.272727 
59874.25999997 32727.272727 
61257.80699999 0.000000 
65382.77099998 0.000000 
70931.69199996 36000.000000 
74366.69799998 19636.363636 
76926.59999997 32727.272727 
77167.35999999 13090.909091 
74979.26099999 36000.000000 
77486.549 0.000000 
79408.54599998 26181.818182 
79437.55799999 13090.909091 
78292.59199999 6545.454545 
73324.63199997 0.000000 
73424.73999999 6545.454545 
76174.61999998 13090.909091 
75778.47799999 13090.909091 
76254.22599998 19636.363636 
73927.43099999 0.000000 
69944.583 32727.272727 
65709.498 26181.818182 
62371.456 36000.000000 
60344.35799998 36000.000000 
59279.73499998 13090.909091 
59244.51199999 13090.909091 
60702.57499997 19636.363636 
62411.33299997 26181.818182 
66538.93699999 0.000000 
72606.888 13090.909091 
76021.26599999 0.000000 
78753.55399999 0.000000 
79370.34999999 0.000000 
77331.19899999 13090.909091 
80134.902 32727.272727 
82087.82999999 13090.909091 
81712.45599998 6545.454545 
79700.76099998 13090.909091 
74640.74899997 36000.000000 
74787.55699999 0.000000 
77095.88399997 32727.272727 
76516.96399999 36000.000000 
77013.23799999 36000.000000 
74945.26399999 26181.818182 
71022.93399999 36000.000000 
66883.35799999 32727.272727 
63652.10899999 0.000000 
61494.81599999 13090.909091 
60425.91799999 19636.363636 
60338.35199997 36000.000000 
61512.57199998 0.000000 
62969.04499999 0.000000 
67126.44999999 32727.272727 
73164.35299999 6545.454545 
76663.04899999 6545.454545 
79131.35199998 36000.000000 
79711.80699999 19636.363636 
77481.08499999 32727.272727 
80194.02999998 36000.000000 
82149.07399998 36000.000000 
81754.56499999 36000.000000 
80269.244 32727.272727 
75240.297 36000.000000 
75072.56999999 36000.000000 
77296.27999998 32727.272727 
76639.65999998 36000.000000 
77330.92699998 26181.818182 
75174.16299999 6545.454545 
71349.13199999 6545.454545 
67163.89499998 0.000000 
63910.21499998 26181.818182 
61687.196 0.000000 
60492.75899999 6545.454545 
60387.62999999 32727.272727 
61737.08499998 36000.000000 
63380.49999998 19636.363636 
67645.774 26181.818182 
73778.68299999 0.000000 
77166.52199998 0.000000 
79612.871 36000.000000 
79700.241 36000.000000 
77385.27299998 26181.818182 
79739.44999999 26181.818182 
81450.444 6545.454545 
80539.352 32727.272727 
77880.30699998 26181.818182 
73190.51 0.000000 
73987.90399999 26181.818182 
75713.79299999 6545.454545 
74463.09299999 26181.818182 
74546.05399998 36000.000000 
72756.22399999 13090.909091 
69512.696 13090.909091 
66070.83299999 26181.818182 
63077.886 0.000000 
60820.874 32727.272727 
59741.35699996 13090.909091 
58959.72899999 36000.000000 
58681.57499998 32727.272727 
57367.06099999 0.000000 
59467.84399998 0.000000 
63265.30399999 36000.000000 
65853.41299998 32727.272727 
67383.42699997 19636.363636 
67832.952 36000.000000 
67124.54899999 6545.454545 
67007.64499998 6545.454545 
66854.064 26181.818182 
66482.45599997 13090.909091 
65949.77499999 26181.818182 
66284.675 0.000000 
71794.01299998 13090.909091 
73676.03799998 26181.818182 
71415.85899998 0.000000 
69342.50699999 36000.000000 
66948.34699998 36000.000000 
64238.65199999 36000.000000 
61165.74499998 36000.000000 
58592.43799998 26181.818182 
56403.06699998 0.000000 
55013.41899998 26181.818182 
54275.792 0.000000 
53231.04099999 36000.000000 
50786.41799998 0.000000 
51147.831 0.000000 
53274.47499999 19636.363636 
55047.82099999 0.000000 
56630.367 19636.363636 
57942.85099998 19636.363636 
57910.76399997 36000.000000 
57792.56399998 32727.272727 
58035.15799997 6545.454545 
58228.30999999 32727.272727 
59154.64599999 13090.909091 
60740.56999999 26181.818182 
67091.65399999 36000.000000 
69085.60599998 6545.454545 
68527.512 6545.454545 
67883.71199999 13090.909091 
66730.52099999 6545.454545 
63982.06999997 0.000000 
60884.88399999 0.000000 
58493.84599999 36000.000000 
56987.76199998 19636.363636 
56252.51099999 36000.000000 
56546.41299999 36000.000000 
58252.96399998 6545.454545 
60409.29599998 26181.818182 
64996.68799999 36000.000000 
71897.22399999 0.000000 
75740.291 6545.454545 
78615.92199999 36000.000000 
79344.973 36000.000000 
77273.48599998 36000.000000 
79740.26099999 0.000000 
81614.00899999 0.000000 
81449.78099998 36000.000000 
79882.88699998 13090.909091 
74914.01399999 36000.000000 
75042.56199998 32727.272727 
77321.013 0.000000 
76688.452 0.000000 
77212.922 0.000000 
75226.83899999 6545.454545 
71331.92499998 0.000000 
67065.44699998 36000.000000 
63883.12999998 0.000000 
61750.59099998 19636.363636 
60703.909 36000.000000 
60530.46099999 0.000000 
61645.22599999 36000.000000 
62952.28599999 0.000000 
67179.01299998 0.000000 
73206.396 19636.363636 
76767.733 6545.454545 
79351.03699999 0.000000 
79988.47999999 6545.454545 
78074.91999999 19636.363636 
80999.558 0.000000 
82892.561 36000.000000 
82754.80799999 19636.363636 
81086.11099999 26181.818182 
76131.03599998 32727.272727 
76288.35999998 13090.909091 
78407.60999998 36000.000000 
77645.161 36000.000000 
78209.19699999 36000.000000 
75885.97599998 13090.909091 
71520.24699999 0.000000 
67412.34499997 0.000000 
63956.81299999 32727.272727 
61946.03199999 36000.000000 
60814.317 26181.818182 
60714.53899999 0.000000 
61886.61199999 6545.454545 
63354.37099997 0.000000 
67305.11699999 26181.818182 
73395.06199997 36000.000000 
76672.405 26181.818182 
78736.93299999 26181.818182 
79014.549 36000.000000 
76599.10799998 36000.000000 
78728.92299999 6545.454545 
80382.565 0.000000 
79654.568 36000.000000 
78186.222 13090.909091 
73348.82399998 0.000000 
74837.20099999 13090.909091 
76048.41599998 0.000000 
75485.445 13090.909091 
75619.492 36000.000000 
73426.862 6545.454545 
68984.41599999 6545.454545 
64606.12899998 6545.454545 
61412.11699999 26181.818182 
59450.53199999 36000.000000 
58507.664 26181.818182 
58416.25399999 0.000000 
59526.84299999 6545.454545 
61586.975 6545.454545 
64991.02899999 36000.000000 
70157.643 26181.818182 
72368.85599999 32727.272727 
73983.40699998 6545.454545 
74003.49499998 19636.363636 
71409.20399999 6545.454545 
73100.69299999 0.000000 
74399.33299998 0.000000 
74193.32299999 0.000000 
73378.42799998 19636.363636 
69681.66199999 36000.000000 
71165.43499997 36000.000000 
73086.37699998 0.000000 
72023.029 19636.363636 
71963.05499998 0.000000 
69219.76099999 36000.000000 
65206.33599998 32727.272727 
61194.08899998 19636.363636 
57968.32599998 0.000000 
56091.15699998 36000.000000 
55394.93099999 26181.818182 
55593.18699998 36000.000000 
57117.25899997 32727.272727 
59065.34799999 36000.000000 
63008.28399998 6545.454545 
68312.00999999 32727.272727 
70870.41199998 6545.454545 
72834.36999998 36000.000000 
72939.16599997 0.000000 
70441.09399998 32727.272727 
71905.36599998 32727.272727 
73201.287 6545.454545 
72928.85699999 0.000000 
71521.53999998 13090.909091 
68908.78999997 0.000000 
70818.78199999 32727.272727 
72281.58799999 26181.818182 
70866.72999998 26181.818182 
70341.94499998 0.000000 
67884.55399999 13090.909091 
64355.28399998 19636.363636 
60466.01499998 13090.909091 
57586.78199998 36000.000000 
55597.80399999 0.000000 
54552.64799999 13090.909091 
54277.111 0.000000 
54352.43199999 36000.000000 
53460.97099999 32727.272727 
55519.08799999 19636.363636 
59193.99299999 19636.363636 
61626.82399999 13090.909091 
63139.71699998 36000.000000 
63447.308 6545.454545 
62903.99399999 26181.818182 
62811.11299999 36000.000000 
62990.89199998 32727.272727 
63049.30899998 19636.363636 
62788.78299999 0.000000 
63767.06299998 19636.363636 
69746.23099997 19636.363636 
71983.84099999 26181.818182 
69200.78499999 19636.363636 
66618.47699999 6545.454545 
63829.51199999 6545.454545 
60777.28899997 32727.272727 
57624.61599999 36000.000000 
55219.56499998 13090.909091 
53426.39399999 32727.272727 
52233.91099999 0.000000 
51420.16199999 36000.000000 
50670.39699998 32727.272727 
48369.90499999 26181.818182 
48822.28 0.000000 
51206.93299998 13090.909091 
53098.441 0.000000 
54712.59899999 19636.363636 
55973.52099998 32727.272727 
56148.74899998 6545.454545 
56120.26599998 36000.000000 
56207.37999999 32727.272727 
56295.76299998 32727.272727 
57161.64599999 36000.000000 
59537.77899999 0.000000 
66186.59299998 19636.363636 
68598.39799999 0.000000 
67692.02499999 19636.363636 
66478.094 0.000000 
64871.86799998 36000.000000 
61953.41699999 0.000000 
58760.88299998 26181.818182 
56340.15299999 6545.454545 
54765.53699998 19636.363636 
54095.65399999 19636.363636 
54122.95799998 0.000000 
55838.87499999 13090.909091 
58118.89799999 0.000000 
62076.70699998 6545.454545 
68178.20399999 19636.363636 
71778.28999998 36000.000000 
74458.18999998 0.000000 
75347.25599998 0.000000 
73256.66 6545.454545 
75618.19599999 0.000000 
77383.783 32727.272727 
77599.39499999 0.000000 
76461.70299998 6545.454545 
72063.07499997 26181.818182 
73228.90399998 26181.818182 
75334.35699998 0.000000 
74593.738 13090.909091 
74522.504 26181.818182 
71940.268 0.000000 
67597.18699999 36000.000000 
63487.47099999 36000.000000 
60420.459 0.000000 
58364.67799998 19636.363636 
57348.76799997 0.000000 
57275.22599996 36000.000000 
58738.43299998 36000.000000 
60563.59499999 36000.000000 
64593.78399998 0.000000 
70358.68799999 0.000000 
73603.70499999 0.000000 
76037.29299997 26181.818182 
76628.32899999 26181.818182 
74291.78599999 26181.818182 
76717.67399999 0.000000 
78487.85299999 0.000000 
78685.32 32727.272727 
77524.23299999 0.000000 
73363.50499999 36000.000000 
74423.932 0.000000 
76002.66699999 32727.272727 
75117.676 0.000000 
75097.93899998 13090.909091 
72267.57699998 6545.454545 
67775.05499999 26181.818182 
63233.12899999 26181.818182 
60099.27599999 13090.909091 
58227.68699999 6545.454545 
57205.23399999 6545.454545 
57262.975 36000.000000 
58895.06099999 26181.818182 
60627.71899998 0.000000 
64383.051 0.000000 
69792.91899998 19636.363636 
72962.964 19636.363636 
75197.96799998 0.000000 
75722.94399999 26181.818182 
73561.26399999 0.000000 
76034.946 0.000000 
77993.71799999 0.000000 
77994.88799998 36000.000000 
76879.12999998 32727.272727 
72726.04599998 6545.454545 
74203.81399997 36000.000000 
75316.93699998 19636.363636 
74247.356 13090.909091 
74230.26099999 36000.000000 
71537.947 19636.363636 
67089.40599998 13090.909091 
63067.91699997 36000.000000 
59764.94799999 0.000000 
57820.236 0.000000 
56992.85199998 6545.454545 
56971.323 0.000000 
58498.51299998 19636.363636 
60380.725 32727.272727 
64211.16199996 36000.000000 
69502.893 19636.363636 
72124.81299997 6545.454545 
74419.65799999 19636.363636 
75006.13299998 19636.363636 
72733.93699999 19636.363636 
74912.86499998 36000.000000 
76483.251 36000.000000 
76239.03199998 6545.454545 
75258.17399998 36000.000000 
71201.81499998 36000.000000 
72855.99399999 36000.000000 
74161.72999999 32727.272727 
72908.86599998 0.000000 
72784.924 13090.909091 
70170.00599999 0.000000 
65931.09699999 6545.454545 
61615.97796199 0.000000 
58506.24152199 0.000000 
56670.851795 0.000000 
55914.938515 0.000000 
55959.59999999 26181.818182 
57594.08799999 6545.454545 
59605.06699999 0.000000 
63281.68399999 32727.272727 
68491.17099998 0.000000 
71191.70199998 13090.909091 
73282.19199999 36000.000000 
73826.05099999 32727.272727 
71600.04869398 13090.909091 
73872.95612899 0.000000 
75536.43508998 6545.454545 
75366.19065498 6545.454545 
73555.00713999 0.000000 
69901.88566199 36000.000000 
71986.39083499 0.000000 
73145.91781199 0.000000 
71669.24656299 36000.000000 
71145.23058699 32727.272727 
68942.92571197 36000.000000 
65108.46940497 13090.909091 
61284.948617 0.000000 
58416.709959 36000.000000 
56509.70654699 0.000000 
55221.22413099 0.000000 
54657.57866999 0.000000 
54483.359556 13090.909091 
53516.96136199 36000.000000 
55823.88816998 36000.000000 
59706.51482597 36000.000000 
62242.64694999 32727.272727 
63696.70406698 32727.272727 
64243.73564498 0.000000 
63401.30016898 36000.000000 
63232.60589299 13090.909091 
63328.32921499 13090.909091 
63324.38014397 13090.909091 
63145.50578299 13090.909091 
64322.47196998 36000.000000 
70499.86431699 19636.363636 
71756.15670699 13090.909091 
69676.93660999 32727.272727 
67142.24480999 19636.363636 
64332.06388699 0.000000 
61260.67646199 32727.272727 
58242.92954199 6545.454545 
