0.00	
0.11	
0.15	
0.20	
0.25	
0.30	
0.36	
0.43	
0.49	
0.56	
0.62	
0.68	
0.73	
0.77	
0.81	
0.84	
0.85	
0.86	
0.85	
0.84	
0.80	
0.75	
0.71	
0.67	
0.60	
0.54	
0.51	
0.51	
0.52	
0.54	
0.57	
0.64	
0.77	
0.94	
1.13	
1.31	
1.50	
1.72	
1.99	
2.28	
2.58	
2.85	
3.09	
3.31	
3.53	
3.77	
3.99	
4.18	
4.34	
4.50	
4.65	
4.80	
4.95	
5.09	
5.24	
5.40	
5.58	
5.78	
6.00	
6.20	
6.38	
6.55	
6.74	
6.95	
7.19	
7.40	
7.54	
7.64	
7.71	
7.77	
7.80	
7.80	
7.78	
7.74	
7.69	
7.59	
7.43	
7.22	
7.01	
6.82	
6.64	
6.45	
6.24	
6.00	
5.79	
5.62	
5.52	
5.48	
5.45	
5.44	
5.44	
5.45	
5.48	
5.50	
5.53	
5.59	
5.69	
5.82	
5.94	
6.03	
6.07	
6.07	
6.06	
6.06	
6.07	
6.08	
6.07	
6.03	
5.95	
5.85	
5.75	
5.66	
5.58	
5.52	
5.50	
5.51	
5.56	
5.63	
5.73	
5.85	
6.00	
6.18	
6.40	
6.64	
6.87	
7.09	
7.29	
7.47	
7.66	
7.83	
7.98	
8.08	
8.14	
8.16	
8.18	
8.22	
8.27	
8.33	
8.38	
8.38	
8.32	
8.23	
8.13	
8.06	
8.02	
8.02	
8.03	
8.03	
8.01	
7.95	
7.88	
7.81	
7.76	
7.73	
7.71	
7.68	
7.63	
7.55	
7.44	
7.30	
7.16	
7.04	
6.95	
6.89	
6.83	
6.75	
6.64	
6.53	
6.44	
6.38	
6.36	
6.35	
6.35	
6.36	
6.40	
6.47	
6.59	
6.72	
6.85	
6.96	
7.04	
7.12	
7.22	
7.34	
7.49	
7.65	
7.79	
7.90	
7.98	
8.04	
8.09	
8.14	
8.19	
8.24	
8.29	
8.34	
8.40	
8.48	
8.56	
8.63	
8.66	
8.69	
8.71	
8.75	
8.78	
8.80	
8.79	
8.78	
8.77	
8.77	
8.79	
8.81	
8.81	
8.78	
8.72	
8.66	
8.60	
8.55	
8.51	
8.49	
8.47	
8.44	
8.42	
8.42	
8.43	
8.47	
8.52	
8.58	
8.64	
8.69	
8.75	
8.84	
8.94	
9.06	
9.17	
9.27	
9.37	
9.47	
9.56	
9.65	
9.75	
9.85	
9.96	
10.07	
10.19	
10.27	
10.33	
10.36	
10.38	
10.41	
10.46	
10.53	
10.60	
10.65	
10.66	
10.66	
10.66	
10.67	
10.69	
10.74	
10.79	
10.83	
10.86	
10.86	
10.85	
10.85	
10.85	
10.87	
10.89	
10.90	
10.90	
10.89	
10.86	
10.81	
10.75	
10.68	
10.62	
10.30	
10.02	
10.02	
10.04	
10.04	
10.02	
9.98	
9.94	
9.91	
9.91	
9.95	
10.00	
10.07	
10.12	
10.15	
10.14	
10.09	
10.02	
9.95	
9.88	
9.84	
9.81	
9.80	
9.75	
9.68	
9.59	
9.46	
9.30	
9.15	
9.03	
8.94	
8.88	
8.82	
8.73	
8.61	
8.46	
8.29	
8.11	
7.96	
7.83	
7.74	
7.68	
7.62	
7.55	
7.46	
7.35	
7.24	
7.16	
7.13	
7.16	
7.21	
7.26	
7.28	
7.26	
7.22	
7.18	
7.16	
7.18	
7.22	
7.26	
7.27	
7.25	
7.20	
7.15	
7.09	
7.03	
6.97	
6.89	
6.81	
6.72	
6.63	
6.54	
6.47	
6.40	
6.33	
6.27	
6.22	
6.16	
6.10	
6.05	
6.02	
6.01	
6.02	
6.04	
6.06	
6.06	
6.05	
6.02	
6.00	
5.97	
5.95	
5.94	
5.93	
5.92	
5.93	
5.94	
5.96	
5.99	
6.01	
6.01	
6.00	
5.97	
5.97	
6.01	
6.08	
6.18	
6.26	
6.29	
6.29	
6.25	
6.23	
6.25	
6.29	
6.36	
6.42	
6.46	
6.44	
6.38	
6.28	
6.19	
6.12	
6.09	
6.08	
6.06	
6.03	
5.97	
5.92	
5.86	
5.81	
5.77	
5.74	
5.71	
5.69	
5.69	
5.71	
5.75	
5.80	
5.84	
5.89	
5.95	
6.01	
6.09	
6.17	
6.24	
6.28	
6.28	
6.25	
6.17	
6.04	
5.87	
5.70	
5.53	
5.38	
5.24	
5.10	
4.96	
4.81	
4.66	
4.53	
4.42	
4.36	
4.34	
4.36	
4.42	
4.50	
4.59	
4.71	
4.84	
4.97	
5.09	
5.17	
5.20	
5.22	
5.24	
5.28	
5.35	
5.39	
5.40	
5.37	
5.31	
5.24	
5.20	
5.19	
5.22	
5.27	
5.33	
5.37	
5.39	
5.41	
5.42	
5.46	
5.51	
5.58	
5.63	
5.64	
5.60	
5.53	
5.44	
5.34	
5.26	
5.20	
5.17	
5.17	
5.18	
5.21	
5.25	
5.29	
5.32	
5.33	
5.36	
5.39	
5.41	
5.43	
5.45	
5.45	
5.44	
5.39	
5.29	
5.16	
5.01	
4.86	
4.70	
4.53	
4.34	
4.14	
3.95	
3.78	
3.64	
3.51	
3.42	
3.35	
3.28	
3.22	
3.16	
3.11	
3.08	
3.07	
3.07	
3.09	
3.10	
3.11	
3.13	
3.15	
3.17	
3.20	
3.22	
3.23	
3.23	
3.22	
3.21	
3.21	
3.24	
3.30	
3.37	
3.45	
3.52	
3.57	
3.61	
3.64	
3.70	
3.79	
3.90	
3.98	
4.05	
4.09	
4.13	
4.19	
4.27	
4.37	
4.46	
4.53	
4.57	
4.60	
4.63	
4.69	
4.77	
4.87	
4.98	
5.08	
5.13	
5.15	
5.14	
5.11	
5.10	
5.11	
5.13	
5.16	
5.18	
5.17	
5.15	
5.11	
5.06	
5.03	
5.01	
5.00	
4.99	
4.98	
4.96	
4.94	
4.91	
4.90	
4.90	
4.92	
4.95	
4.99	
5.01	
5.03	
5.04	
5.04	
5.03	
5.02	
5.02	
5.02	
5.02	
5.02	
5.03	
5.04	
5.02	
4.96	
4.85	
4.68	
4.47	
4.26	
4.07	
3.90	
3.76	
3.61	
3.41	
3.16	
2.84	
2.49	
2.15	
1.82	
1.52	
1.27	
1.06	
0.89	
0.77	
0.73	
0.78	
0.93	
1.12	
1.35	
1.60	
1.88	
2.15	
2.43	
2.68	
2.92	
3.14	
3.36	
3.58	
3.79	
3.98	
4.13	
4.26	
4.38	
4.48	
4.56	
4.61	
4.60	
4.53	
4.40	
4.24	
4.06	
3.91	
3.80	
3.71	
3.62	
3.51	
3.38	
3.24	
3.13	
3.07	
3.05	
3.07	
3.08	
3.09	
3.09	
3.11	
3.15	
3.22	
3.30	
3.38	
3.42	
3.43	
3.39	
3.32	
3.25	
3.20	
3.18	
3.18	
3.16	
3.11	
3.00	
2.86	
2.71	
2.61	
2.56	
2.54	
2.52	
2.47	
2.38	
2.28	
2.18	
2.13	
2.12	
2.16	
2.20	
2.20	
2.17	
2.11	
2.06	
2.03	
2.05	
2.10	
2.16	
2.18	
2.16	
2.11	
2.04	
2.00	
1.99	
2.02	
2.08	
2.13	
2.16	
2.16	
2.15	
2.15	
2.19	
2.28	
2.38	
2.49	
2.56	
2.59	
2.59	
2.58	
2.57	
2.56	
2.53	
2.49	
2.44	
2.40	
2.38	
2.40	
2.45	
2.51	
2.56	
2.61	
2.66	
2.71	
2.77	
2.85	
2.95	
3.04	
3.10	
3.14	
3.13	
3.09	
3.05	
3.02	
3.02	
3.02	
3.01	
2.97	
2.90	
2.82	
2.75	
2.69	
2.67	
2.67	
2.67	
2.67	
2.63	
2.56	
2.48	
2.41	
2.37	
2.35	
2.33	
2.28	
2.20	
2.10	
2.02	
1.95	
1.91	
1.87	
1.81	
1.74	
1.66	
1.58	
1.51	
1.44	
1.38	
1.33	
1.33	
1.38	
1.48	
1.60	
1.72	
1.83	
1.95	
2.07	
2.20	
2.35	
2.49	
2.62	
2.73	
2.81	
2.87	
2.91	
2.95	
2.99	
3.04	
3.09	
3.13	
3.14	
3.14	
3.15	
3.15	
3.16	
3.15	
3.10	
3.03	
2.94	
2.86	
2.76	
2.63	
2.48	
2.30	
2.12	
1.97	
1.87	
1.82	
1.78	
1.74	
1.71	
1.69	
1.70	
1.74	
1.78	
1.83	
1.87	
1.90	
1.94	
1.99	
2.04	
2.08	
2.10	
2.11	
2.11	
2.12	
2.13	
2.14	
2.13	
2.12	
2.10	
2.09	
2.11	
2.18	
2.28	
2.41	
2.53	
2.62	
2.69	
2.73	
2.77	
2.83	
2.92	
3.03	
3.13	
3.22	
3.29	
3.34	
3.37	
3.40	
3.44	
3.48	
3.52	
3.55	
3.57	
3.60	
3.64	
3.71	
3.80	
3.89	
3.96	
4.01	
4.05	
4.12	
4.21	
4.33	
4.45	
4.56	
4.62	
4.67	
4.73	
4.82	
4.95	
5.10	
5.24	
5.34	
5.40	
5.44	
5.50	
5.58	
5.70	
5.83	
5.94	
6.02	
6.05	
6.06	
6.09	
6.16	
6.27	
6.40	
6.50	
6.56	
6.59	
6.61	
6.66	
6.74	
6.86	
6.97	
7.03	
7.02	
6.97	
6.90	
6.85	
6.84	
6.85	
6.84	
6.80	
6.71	
6.60	
6.49	
6.40	
6.34	
6.28	
6.19	
6.08	
5.94	
5.79	
5.67	
5.60	
5.59	
5.61	
5.64	
5.65	
5.66	
5.68	
5.73	
5.84	
6.01	
6.20	
6.39	
6.56	
6.70	
6.83	
6.97	
7.11	
7.25	
7.37	
7.47	
7.53	
7.55	
7.57	
7.58	
7.60	
7.64	
7.68	
7.72	
7.75	
7.74	
7.72	
7.70	
7.67	
7.66	
7.67	
7.71	
7.78	
7.87	
7.97	
8.06	
8.15	
8.24	
8.32	
8.41	
8.48	
8.53	
8.56	
8.56	
8.57	
8.59	
8.60	
8.60	
8.57	
8.50	
8.39	
8.29	
8.20	
8.15	
8.12	
8.11	
8.10	
8.09	
8.09	
8.11	
8.18	
8.30	
8.47	
8.69	
8.92	
9.14	
9.35	
9.55	
9.77	
10.02	
10.30	
10.61	
10.89	
11.12	
11.28	
11.39	
11.47	
11.54	
11.64	
11.76	
11.88	
11.98	
12.04	
12.06	
12.06	
12.08	
12.14	
12.24	
12.33	
12.40	
12.44	
12.46	
12.49	
12.54	
12.64	
12.74	
12.81	
12.82	
12.77	
12.70	
12.64	
12.61	
12.60	
12.58	
12.54	
12.46	
12.37	
12.28	
12.22	
12.21	
12.21	
12.22	
12.22	
12.22	
12.22	
12.25	
12.29	
12.35	
12.39	
12.41	
12.39	
12.35	
12.30	
12.25	
12.19	
12.12	
12.03	
11.91	
11.78	
11.62	
11.41	
11.18	
10.92	
10.64	
10.36	
10.08	
9.80	
9.50	
9.17	
8.84	
8.51	
8.20	
7.90	
7.61	
7.31	
7.01	
6.70	
6.40	
6.11	
5.84	
5.57	
5.32	
5.09	
4.89	
4.72	
4.58	
4.46	
4.34	
4.22	
4.09	
3.96	
3.83	
3.71	
3.58	
3.44	
3.27	
3.07	
2.85	
2.61	
2.37	
2.15	
1.93	
1.71	
1.47	
1.22	
0.98	
0.74	
0.53	
0.37	
0.32	
0.39	
0.52	
0.63	
0.73	
0.82	
0.91	
0.99	
1.05	
1.09	
1.11	
1.10	
1.05	
0.96	
0.86	
0.76	
0.70	
0.70	
0.76	
0.84	
0.94	
1.01	
1.06	
1.08	
1.09	
1.12	
1.19	
1.29	
1.41	
1.54	
1.68	
1.83	
1.98	
2.11	
2.21	
2.28	
2.30	
2.29	
2.27	
2.25	
2.24	
2.24	
2.24	
2.24	
2.24	
2.24	
2.24	
2.26	
2.30	
2.37	
2.47	
2.58	
2.71	
2.85	
3.01	
3.19	
3.37	
3.56	
3.73	
3.89	
4.04	
4.17	
4.30	
4.42	
4.56	
4.71	
4.85	
4.97	
5.05	
5.08	
5.11	
5.14	
5.21	
5.31	
5.43	
5.54	
5.60	
5.64	
5.68	
5.75	
5.85	
5.97	
6.07	
6.16	
6.23	
6.30	
6.37	
6.43	
6.46	
6.47	
6.46	
6.43	
6.38	
6.33	
6.27	
6.22	
6.19	
6.16	
6.14	
6.11	
6.08	
6.04	
5.99	
5.95	
5.91	
5.88	
5.86	
5.85	
5.84	
5.82	
5.79	
5.74	
5.70	
5.67	
5.64	
5.59	
5.54	
5.48	
5.42	
5.37	
5.37	
5.36	
5.34	
5.29	
5.24	
5.20	
5.18	
5.19	
5.22	
5.25	
5.26	
5.26	
5.24	
5.21	
5.16	
5.13	
5.30	
5.48	
5.46	
5.40	
5.31	
5.21	
5.11	
5.02	
4.92	
4.83	
4.73	
4.65	
4.58	
4.53	
4.48	
4.44	
4.44	
4.49	
4.59	
4.74	
4.91	
5.10	
5.31	
5.56	
5.82	
6.09	
6.38	
6.67	
6.95	
7.20	
7.43	
7.61	
7.74	
7.83	
7.88	
7.92	
7.93	
7.91	
7.87	
7.81	
7.75	
7.68	
7.59	
7.48	
7.36	
7.25	
7.17	
7.13	
7.12	
7.15	
7.20	
7.30	
7.42	
7.57	
7.70	
7.80	
7.90	
8.01	
8.14	
8.31	
8.48	
8.61	
8.70	
8.73	
8.72	
8.70	
8.68	
8.66	
8.64	
8.59	
8.52	
8.43	
8.32	
8.23	
8.17	
8.15	
8.15	
8.14	
8.12	
8.09	
8.06	
8.04	
8.03	
8.01	
8.01	
8.02	
8.05	
8.08	
8.09	
8.09	
8.07	
8.05	
8.02	
7.98	
7.90	
7.79	
7.67	
7.55	
7.44	
7.34	
7.24	
7.12	
6.99	
6.86	
6.77	
6.72	
6.73	
6.77	
6.84	
6.91	
7.00	
7.11	
7.26	
7.48	
7.74	
8.03	
8.31	
8.55	
8.74	
8.91	
9.09	
9.28	
9.46	
9.62	
9.72	
9.76	
9.73	
9.67	
9.59	
9.50	
9.39	
9.26	
9.12	
8.95	
8.77	
8.59	
8.41	
8.27	
8.14	
8.02	
7.90	
7.77	
7.65	
7.55	
7.46	
7.39	
7.32	
7.26	
7.20	
7.14	
7.10	
7.07	
7.04	
7.03	
7.02	
7.03	
7.04	
7.07	
7.13	
7.21	
7.34	
7.52	
7.73	
7.97	
8.20	
8.41	
8.63	
8.85	
9.10	
9.38	
9.65	
9.88	
10.03	
10.12	
10.16	
10.15	
10.12	
10.04	
9.93	
9.77	
9.58	
9.37	
9.17	
8.99	
8.84	
8.71	
8.60	
8.52	
8.47	
8.47	
8.51	
8.60	
8.72	
8.85	
9.00	
9.18	
9.40	
9.63	
9.86	
10.04	
10.18	
10.28	
10.36	
10.41	
10.43	
10.42	
10.38	
10.32	
10.26	
10.19	
10.11	
10.03	
9.95	
9.88	
9.83	
9.79	
9.77	
9.77	
9.79	
9.83	
9.86	
9.87	
9.89	
9.90	
9.91	
9.92	
9.90	
9.85	
9.78	
9.71	
9.64	
9.58	
9.53	
9.48	
9.43	
9.40	
9.38	
9.38	
9.37	
9.36	
9.34	
9.35	
9.40	
9.50	
9.61	
9.72	
9.81	
9.87	
9.89	
9.89	
9.86	
9.82	
9.74	
9.64	
9.53	
9.39	
9.22	
9.05	
8.87	
8.70	
8.52	
8.34	
8.17	
8.03	
7.95	
7.92	
7.93	
7.94	
7.96	
7.99	
8.04	
8.12	
8.22	
8.32	
8.42	
8.52	
8.64	
8.76	
8.88	
9.00	
9.10	
9.19	
9.29	
9.37	
9.42	
9.43	
9.41	
9.38	
9.35	
9.33	
9.32	
9.33	
9.35	
9.37	
9.38	
9.38	
9.36	
9.33	
9.31	
9.29	
9.27	
9.23	
9.19	
9.15	
9.12	
9.11	
9.11	
9.11	
9.09	
9.04	
8.98	
8.93	
8.89	
8.87	
8.86	
8.86	
8.88	
8.89	
8.91	
8.93	
8.95	
8.98	
9.03	
9.08	
9.15	
9.22	
9.32	
9.46	
9.61	
9.77	
9.92	
10.04	
10.15	
10.23	
10.32	
10.40	
10.49	
10.58	
10.68	
10.79	
10.90	
11.00	
11.10	
11.21	
11.33	
11.48	
11.65	
11.82	
11.98	
12.11	
12.22	
12.30	
12.38	
12.47	
12.55	
12.61	
12.64	
12.65	
12.63	
12.60	
12.54	
12.46	
12.37	
12.28	
12.18	
12.09	
12.02	
12.00	
12.00	
12.01	
12.03	
12.06	
12.11	
12.18	
12.26	
12.36	
12.47	
12.60	
12.73	
12.85	
12.96	
13.03	
13.08	
13.10	
13.12	
13.12	
13.10	
13.07	
13.02	
12.97	
12.91	
12.86	
12.83	
12.83	
12.86	
12.90	
12.94	
12.97	
13.01	
13.08	
13.16	
13.26	
13.38	
13.51	
13.66	
13.83	
14.00	
14.15	
14.29	
14.40	
14.48	
14.54	
14.60	
14.67	
14.71	
14.70	
14.65	
14.58	
14.50	
14.43	
14.35	
14.27	
14.19	
14.09	
14.00	
13.93	
13.88	
13.85	
13.84	
13.86	
13.90	
13.96	
14.02	
14.07	
14.12	
14.18	
14.25	
14.31	
14.36	
14.42	
14.48	
14.54	
14.61	
14.66	
14.68	
14.69	
14.69	
14.70	
14.70	
14.69	
14.67	
14.63	
14.57	
14.49	
14.38	
14.27	
14.15	
14.05	
13.98	
13.95	
13.94	
13.93	
13.90	
13.88	
13.87	
13.88	
13.92	
13.99	
14.08	
14.19	
14.30	
14.42	
14.53	
14.62	
14.70	
14.78	
14.88	
15.00	
15.12	
15.20	
15.23	
15.23	
15.20	
15.16	
15.14	
15.14	
15.14	
15.15	
15.16	
15.15	
15.13	
15.08	
15.02	
14.97	
14.95	
14.97	
15.01	
15.07	
15.12	
15.17	
15.21	
15.24	
15.26	
15.29	
15.35	
15.44	
15.54	
15.93	
16.32	
16.42	
16.51	
16.56	
16.59	
16.59	
16.57	
16.55	
16.53	
16.49	
16.44	
16.35	
16.23	
16.09	
15.94	
15.81	
15.69	
15.58	
15.45	
15.30	
15.14	
15.00	
15.18	
15.39	
15.34	
15.31	
15.29	
15.26	
15.23	
15.20	
15.19	
15.19	
15.20	
15.22	
15.23	
15.24	
15.24	
15.24	
15.26	
15.30	
15.34	
15.38	
15.43	
15.45	
15.45	
15.43	
15.40	
15.36	
15.33	
15.30	
15.27	
15.23	
15.19	
15.17	
15.16	
15.20	
15.27	
15.36	
15.46	
15.57	
15.68	
15.81	
15.98	
16.17	
16.36	
16.53	
16.66	
16.74	
16.79	
16.84	
16.90	
16.97	
17.02	
17.03	
17.00	
16.92	
16.82	
16.71	
16.61	
16.50	
16.36	
16.19	
16.00	
15.81	
15.62	
15.45	
15.30	
15.18	
15.09	
15.00	
14.90	
14.79	
14.68	
14.58	
14.49	
14.42	
14.35	
14.30	
14.26	
14.22	
14.20	
14.14	
14.10	
14.08	
14.09	
14.11	
14.14	
14.16	
14.17	
14.16	
14.16	
14.16	
14.16	
14.15	
14.13	
14.11	
14.08	
14.06	
14.03	
13.99	
14.10	
14.23	
14.22	
14.23	
14.26	
14.30	
14.33	
14.33	
14.32	
14.28	
14.25	
14.21	
14.21	
14.24	
14.29	
14.34	
14.37	
14.52	
14.51	
14.49	
14.46	
14.42	
14.37	
14.34	
14.32	
14.33	
14.65	
14.66	
14.63	
14.58	
14.50	
14.41	
14.31	
14.22	
14.12	
14.04	
13.95	
13.84	
13.73	
13.59	
13.47	
13.35	
13.26	
13.21	
13.21	
13.24	
13.29	
13.33	
13.36	
13.41	
13.45	
13.52	
13.64	
13.78	
13.97	
14.18	
14.39	
14.61	
14.83	
15.05	
15.27	
15.46	
15.61	
15.72	
15.79	
15.85	
15.90	
15.95	
15.98	
15.98	
15.94	
15.86	
15.75	
15.62	
15.51	
15.42	
15.36	
15.32	
15.29	
15.25	
15.20	
15.14	
15.08	
15.04	
15.04	
15.06	
15.11	
15.15	
15.18	
15.20	
15.24	
15.31	
15.41	
15.53	
15.65	
15.76	
15.85	
15.91	
15.94	
15.96	
16.00	
16.06	
16.13	
16.22	
16.31	
16.41	
16.54	
16.69	
16.86	
17.02	
17.17	
17.28	
17.38	
17.49	
17.63	
17.79	
17.95	
18.09	
18.22	
18.34	
18.45	
18.55	
18.64	
18.72	
18.81	
18.91	
19.01	
19.11	
19.17	
19.21	
19.24	
19.27	
19.32	
19.36	
19.41	
19.45	
19.47	
19.48	
19.49	
19.50	
19.53	
19.57	
19.62	
19.66	
19.66	
19.66	
19.66	
19.68	
19.71	
19.75	
19.80	
19.84	
19.87	
19.91	
19.95	
20.01	
20.07	
20.11	
20.12	
20.10	
20.09	
20.09	
20.12	
20.20	
20.30	
20.43	
20.55	
20.67	
20.77	
20.86	
20.96	
21.07	
21.19	
21.32	
21.43	
21.52	
21.58	
21.61	
21.63	
21.67	
21.73	
21.81	
21.89	
21.97	
22.03	
22.05	
22.06	
22.05	
22.02	
21.96	
21.87	
21.79	
21.72	
21.66	
21.61	
21.56	
21.48	
21.38	
21.26	
21.12	
21.00	
20.89	
20.81	
20.74	
20.65	
20.52	
20.35	
20.17	
20.00	
19.87	
19.78	
19.72	
19.70	
19.70	
19.71	
19.72	
19.76	
19.85	
19.99	
20.18	
20.39	
20.59	
20.78	
20.95	
21.10	
21.26	
21.44	
21.65	
21.89	
22.15	
22.40	
22.62	
22.80	
22.93	
23.02	
23.08	
23.11	
23.12	
23.11	
23.10	
23.09	
23.09	
23.09	
23.09	
23.08	
23.07	
23.04	
23.02	
23.01	
23.01	
23.03	
23.03	
23.02	
22.99	
22.94	
22.90	
22.86	
22.82	
22.78	
22.74	
22.69	
22.62	
22.55	
22.48	
22.44	
22.42	
22.39	
22.37	
22.32	
22.27	
22.21	
22.17	
22.13	
22.11	
22.09	
22.10	
22.11	
22.14	
22.15	
22.13	
22.08	
22.01	
21.93	
21.86	
21.80	
21.77	
21.74	
21.68	
21.60	
21.50	
21.40	
21.35	
21.33	
21.35	
21.38	
21.40	
21.39	
21.38	
21.38	
21.41	
21.47	
21.55	
21.64	
21.74	
21.82	
21.90	
21.98	
22.06	
22.15	
22.25	
22.36	
22.49	
22.62	
22.75	
22.85	
22.91	
22.96	
22.99	
23.02	
23.05	
23.08	
23.10	
23.10	
23.11	
23.11	
23.11	
23.11	
23.10	
23.07	
23.01	
22.94	
22.89	
22.86	
22.84	
22.82	
22.77	
22.68	
22.50	
22.41	
22.36	
22.35	
22.34	
22.31	
22.25	
22.15	
22.05	
21.96	
21.89	
21.84	
21.79	
21.76	
21.71	
21.67	
21.62	
21.58	
21.56	
21.54	
21.56	
21.60	
21.66	
21.73	
21.80	
21.87	
21.93	
21.99	
22.05	
22.10	
22.16	
22.20	
22.23	
22.24	
22.23	
22.21	
22.16	
22.11	
22.06	
22.01	
21.95	
21.89	
21.81	
21.73	
21.64	
21.56	
21.48	
21.43	
21.39	
21.38	
21.39	
21.40	
21.42	
21.42	
21.42	
21.43	
21.47	
21.52	
21.58	
21.64	
21.71	
21.77	
21.82	
21.87	
21.92	
21.98	
22.04	
22.11	
22.18	
22.25	
22.33	
22.40	
22.47	
22.53	
22.58	
22.64	
22.69	
22.74	
22.79	
22.83	
22.87	
22.91	
22.95	
22.99	
23.02	
23.06	
23.11	
23.19	
23.26	
23.33	
23.39	
23.45	
23.53	
23.64	
23.76	
23.87	
23.97	
24.06	
24.14	
24.20	
24.25	
24.29	
24.32	
24.34	
24.36	
24.38	
24.39	
24.40	
24.39	
24.37	
24.34	
24.31	
24.29	
24.27	
24.25	
24.22	
24.20	
24.17	
24.13	
24.09	
24.05	
23.99	
23.92	
23.84	
23.74	
23.62	
23.48	
23.33	
23.19	
23.05	
22.92	
22.78	
22.65	
22.53	
22.41	
22.29	
22.16	
22.03	
21.89	
21.77	
21.68	
21.61	
21.57	
21.53	
21.47	
21.42	
21.37	
21.33	
21.31	
21.29	
21.28	
21.26	
21.25	
21.24	
21.24	
21.25	
21.26	
21.27	
21.28	
21.29	
21.28	
21.25	
21.21	
21.16	
21.12	
21.08	
21.04	
21.00	
20.97	
20.94	
20.91	
20.86	
20.81	
20.76	
20.71	
20.69	
20.68	
20.69	
20.69	
20.69	
20.67	
20.66	
20.66	
20.66	
20.66	
20.65	
20.63	
20.59	
20.54	
20.49	
20.45	
20.41	
20.37	
20.33	
20.29	
20.26	
20.24				
20.23				
20.24				
20.26				
20.29				
20.31				
20.34				
20.40				
20.48				
20.59				
20.70				
20.79				
20.86				
20.91				
20.94				
20.95				
20.94				
20.92				
20.89				
20.86				
20.82				
20.76				
20.67				
20.56				
20.44				
20.32				
20.20				
20.10				
19.99				
19.88				
19.77				
19.65				
19.55				
19.46				
19.40				
19.36				
19.33				
19.31				
19.29				
19.26				
19.23				
19.23				
19.23				
19.24				
19.25				
19.26				
19.28				
19.29				
19.31				
19.32				
19.33				
19.33				
19.30				
19.27				
19.24				
19.23				
19.24				
19.25				
19.24				
19.20				
19.15				
19.09				
19.02				
18.95				
18.88				
18.82				
18.77				
18.71				
18.65				
18.58				
18.51				
18.44				
18.38				
18.31				
18.24				
18.17				
18.08				
17.99				
17.89				
17.80				
17.71				
17.62				
17.55				
17.47				
17.40				
17.32				
17.25				
17.17				
17.10				
17.03				
16.97				
16.92				
16.88				
16.85				
16.81				
16.78				
16.77				
16.76				
16.75				
16.74				
16.72				
16.72				
16.75				
16.80				
16.84				
16.88				
16.91				
16.93				
16.97				
17.01				
17.05				
17.07				
17.08				
17.08				
17.07				
17.06				
17.06				
17.05				
17.02				
16.97				
16.90				
16.80				
16.70				
16.59				
16.47				
16.36				
16.25				
16.15				
16.05				
15.95				
15.83				
15.72				
15.61				
15.51				
15.43				
15.37				
15.32				
15.30				
15.27				
15.24				
15.21				
15.18				
15.17				
15.17				
15.17				
15.15				
15.13				
15.11				
15.11				
15.12				
15.14				
15.14				
15.12				
15.10				
15.07				
15.06				
15.05				
15.04				
15.00				
14.94				
14.87				
14.81				
14.76				
14.73				
14.71				
14.67				
14.63				
14.57				
14.52				
14.47				
14.43				
14.40				
14.38				
14.37				
14.37				
14.37				
14.37				
14.36				
14.35				
14.33				
14.29				
14.26				
14.23				
14.22				
14.19				
14.14				
14.06				
13.95				
13.82				
13.69				
13.56				
13.45				
13.35				
13.28				
13.22				
13.18				
13.13				
13.08				
13.01				
12.93				
12.86				
12.81				
12.78				
12.77				
12.77				
12.75				
12.70				
12.63				
12.55				
12.47				
12.39				
12.31				
12.22				
12.13				
12.03				
11.95				
11.86				
11.77				
11.69				
11.62				
11.56				
11.52				
11.49				
11.48				
11.48				
11.49				
11.50				
11.51				
11.53				
11.56				
11.61				
11.68				
11.76				
11.85				
11.91				
11.95				
11.97				
11.96				
11.96				
11.97				
12.00				
12.04				
12.10				
12.17				
12.22				
12.26				
12.26				
12.25				
12.21				
12.18				
12.15				
12.14				
12.12				
12.10				
12.08				
12.05				
12.01				
11.97				
11.91				
11.84				
11.78				
11.74				
11.71				
11.69				
11.67				
11.64				
11.62				
11.59				
11.57				
11.54				
11.51				
11.49				
11.48				
11.48				
11.48				
11.47				
11.46				
11.44				
11.44				
11.45				
11.47				
11.48				
11.48				
11.47				
11.47				
11.48				
11.50				
11.54				
11.59				
11.65				
11.71				
11.77				
11.83				
11.89				
11.95				
12.01				
12.06				
12.12				
12.17				
12.21				
12.25				
12.27				
12.27				
12.26				
12.22				
12.17				
12.09				
11.99				
11.88				
11.76				
11.62				
11.47				
11.32				
11.17				
11.01				
10.85				
10.68				
10.51				
10.35				
10.20				
10.06				
9.93				
9.82				
9.73				
9.66				
9.61				
9.57				
9.56				
9.55				
9.54				
9.53				
9.51				
9.49				
9.49				
9.50				
9.52				
9.53				
9.54				
9.53				
9.53				
9.51				
9.50				
9.48				
9.46				
9.45				
9.45				
9.46				
9.48				
9.50				
9.53				
9.55				
9.59				
9.64				
9.69				
9.75				
9.81				
9.86				
9.91				
9.96				
10.02				
10.08				
10.12				
10.16				
10.20				
10.23				
10.24				
10.23				
10.19				
10.14				
10.07				
10.01				
9.93				
9.85				
9.76				
9.67				
9.58				
9.49				
9.40				
9.30				
9.20				
9.11				
9.02				
8.95				
8.88				
8.82				
8.77				
8.75				
8.72				
8.71				
8.69				
8.68				
8.69				
8.69				
8.70				
8.71				
8.73				
8.73				
8.74				
8.75				
8.76				
8.76				
8.75				
8.73				
8.72				
8.70				
8.67				
8.64				
8.59				
8.54				
8.50				
8.46				
8.40				
8.33				
8.24				
8.14				
8.04				
7.94				
7.84				
7.74				
7.65				
7.55				
7.46				
7.38				
7.31				
7.23				
7.16				
7.08				
7.01				
6.94				
6.87				
6.79				
6.72				
6.65				
6.59				
6.52				
6.44				
6.34				
6.25				
6.17				
6.11				
6.08				
6.07				
6.07				
6.09				
6.11				
6.12				
6.13				
6.15				
6.17				
6.22				
6.27				
6.32				
6.34				
6.33				
6.27				
6.20				
6.10				
6.00				
5.88				
5.75				
5.64				
5.55				
5.46				
5.36				
5.25				
5.14				
5.03				
4.94				
4.88				
4.84				
4.83				
4.83				
4.86				
4.88				
4.89				
4.88				
4.85				
4.82				
4.79				
4.75				
4.70				
4.64				
4.58				
4.51				
4.42				
4.31				
4.21				
4.11				
4.03				
3.97				
3.93				
3.88				
3.81				
3.74				
3.67				
3.60				
3.54				
3.49				
3.45				
3.43				
3.41				
3.39				
3.36				
3.32				
3.25				
3.19				
3.14				
3.11				
3.11				
3.11				
3.11				
3.12				
3.11				
3.09				
3.07				
3.04				
3.02				
3.00				
3.00				
3.00				
3.00				
3.00				
3.00				
2.98				
2.96				
2.93				
2.91				
2.89				
2.88				
2.88				
2.89				
2.90				
2.89				
2.88				
2.85				
2.82				
2.81				
2.80				
2.79				
2.79				
2.78				
2.78				
2.78				
2.79				
2.79				
2.79				
2.79				
2.81				
2.84				
2.87				
2.90				
2.91				
2.91				
2.91				
2.91				
2.91				
2.91				
2.92				
2.93				
2.94				
2.96				
2.98				
2.99				
3.01				
3.03				
3.07				
3.12				
3.18				
3.25				
3.32				
3.37				
3.43				
3.48				
3.54				
3.60				
3.67				
3.74				
3.81				
3.90				
3.97				
4.04				
4.11				
4.18				
4.27				
4.37				
4.47				
4.58				
4.70				
4.82				
4.95				
5.09				
5.21				
5.33				
5.43				
5.54				
5.64				
5.74				
5.84				
5.93				
6.00				
6.08				
6.13				
6.17				
6.19				
6.20				
6.20				
6.23				
6.27				
6.32				
6.36				
6.40				
6.44				
6.49				
6.55				
6.64				
6.72				
6.82				
6.94				
7.09				
7.25				
7.41				
7.55				
7.69				
7.82				
7.95				
8.08				
8.18				
8.27				
8.36				
8.44				
8.49				
8.52				
8.51				
8.50				
8.48				
8.45				
8.42				
8.38				
8.33				
8.28				
8.23				
8.16				
8.08				
8.00				
7.91				
7.84				
7.76				
7.69				
7.62				
7.54				
7.46				
7.36				
7.26				
7.18				
7.10				
7.04				
7.00				
6.96				
6.93				
6.90				
6.88				
6.87				
6.86				
6.86				
6.87				
6.90				
6.96				
7.02				
7.09				
7.16				
7.23				
7.29				
7.34				
7.39				
7.44				
7.50				
7.55				
7.59				
7.61				
7.62				
7.62				
7.60				
7.57				
7.52				
7.47				
7.42				
7.37				
7.33				
7.28				
7.24				
7.19				
7.13				
7.06				
6.98				
6.90				
6.82				
6.75				
6.69				
6.62				
6.56				
6.50				
6.42				
6.34				
6.25				
6.15				
6.03				
5.89				
5.74				
5.59				
5.43				
5.28				
5.11				
4.93				
4.76				
4.58				
4.41				
4.24				
4.09				
3.94				
3.81				
3.68				
3.56				
3.45				
3.35				
3.27				
3.22				
3.19				
3.18				
3.18				
3.18				
3.19				
3.20				
3.21				
3.23				
3.25				
3.30				
3.36				
3.43				
3.50				
3.55				
3.58				
3.60				
3.61				
3.63				
3.65				
3.67				
3.69				
3.70				
3.72				
3.75				
3.78				
3.79				
3.78				
3.75				
3.73				
3.70				
3.67				
3.64				
3.62				
3.60				
3.59				
3.58				
3.54				
3.49				
3.43				
3.37				
3.33				
3.29				
3.25				
3.20				
3.14				
3.09				
3.03				
2.97				
2.90				
2.82				
2.74				
2.65				
2.55				
2.44				
2.31				
2.17				
2.05				
1.93				
1.81				
1.68				
1.53				
1.37				
1.20				
1.03				
0.85				
0.67				
0.47				
0.26				
0.17				
0.33				
0.55				
0.78				
0.99				
1.20				
1.40				
1.59				
1.80				
2.01				
2.24				
2.44				
2.63				
2.78				
2.92				
3.05				
3.19				
3.32				
3.45				
3.57				
3.68				
3.81				
3.93				
4.07				
4.22				
4.37				
4.53				
4.69				
4.83				
4.97				
5.08				
5.19				
5.29				
5.38				
5.46				
5.51				
5.52				
5.48				
5.39				
5.25				
5.05				
4.82				
4.56				
4.28				
3.99				
3.73				
3.48				
3.24				
3.00				
2.77				
2.54				
2.34				
2.16				
2.02				
1.92				
1.86				
1.84				
1.88				
1.94				
2.01				
2.08				
2.14				
2.22				
2.30				
2.40				
2.50				
2.60				
2.67				
2.73				
2.77				
2.81				
2.84				
2.87				
2.90				
2.93				
2.97				
3.00				
3.03				
3.06				
3.09				
3.12				
3.17				
3.23				
3.29				
3.36				
3.43				
3.50				
3.57				
3.62				
3.65				
3.67				
3.70				
3.74				
3.80				
3.86				
3.91				
3.94				
3.95				
3.95				
3.96				
3.97				
3.98				
3.98				
3.97				
3.95				
3.93				
3.90				
3.88				
3.85				
3.84				
3.82				
3.82				
3.82				
3.84				
3.87				
3.88				
3.89				
3.89				
3.90				
3.93				
3.99				
4.04				
4.09				
4.14				
4.18				
4.24				
4.32				
4.40				
4.48				
4.56				
4.63				
4.72				
4.83				
4.95				
5.08				
5.21				
5.35				
5.49				
5.63				
5.78				
5.93				
6.09				
6.24				
6.40				
6.53				
6.65				
6.76				
6.85				
6.95				
7.04				
7.14				
7.22				
7.31				
7.40				
7.49				
7.58				
7.66				
7.74				
7.81				
7.91				
8.03				
8.15				
8.27				
8.38				
8.47				
8.55				
8.63				
8.69				
8.74				
8.79				
8.84				
8.91				
8.98				
9.04				
9.08				
9.11				
9.13				
9.15				
9.16				
9.17				
9.19				
9.22				
9.26				
9.30				
9.34				
9.36				
9.35				
9.32				
9.29				
9.28				
9.28				
9.27				
9.25				
9.20				
9.15				
9.09				
9.03				
8.96				
8.88				
8.81				
8.74				
8.69				
8.63				
8.58				
8.53				
8.49				
8.47				
8.45				
8.45				
8.46				
8.49				
8.54				
8.61				
8.69				
8.78				
8.91				
9.06				
9.24				
9.41				
9.57				
9.71				
9.84				
9.98				
10.11				
10.23				
10.33				
10.40				
10.46				
10.49				
10.51				
10.49				
10.44				
10.36				
10.25				
10.13				
10.00				
9.86				
9.71				
9.55				
9.39				
9.23				
9.08				
8.94				
8.78				
8.64				
8.50				
8.39				
8.29				
8.19				
8.10				
8.01				
7.94				
7.89				
7.84				
7.79				
7.74				
7.69				
7.64				
7.57				
7.50				
7.42				
7.32				
7.24				
7.17				
7.11				
7.06				
7.03				
6.98				
6.93				
6.87				
6.78				
6.68				
6.58				
6.50				
6.44				
6.39				
6.33				
6.26				
6.19				
6.12				
6.07				
6.02				
5.98				
5.95				
5.93				
5.92				
5.93				
5.95				
6.00				
6.06				
6.12				
6.20				
6.28				
6.37				
6.48				
6.57				
6.66				
6.75				
6.87				
7.01				
7.16				
7.32				
7.47				
7.63				
7.79				
7.97				
8.17				
8.36				
8.55				
8.75				
8.95				
9.18				
9.40				
9.61				
9.78				
9.92				
10.02				
10.11				
10.20				
10.28				
10.35				
10.40				
10.44				
10.45				
10.43				
10.39				
10.32				
10.24				
10.16				
10.09				
10.02				
9.95				
9.87				
9.78				
9.69				
9.60				
9.50				
9.41				
9.32				
9.25				
9.18				
9.10				
9.00				
8.90				
8.80				
8.69				
8.57				
8.45				
8.32				
8.18				
8.04				
7.92				
7.80				
7.69				
7.58				
7.46				
7.35				
7.25				
7.15				
7.05				
6.96				
6.88				
6.79				
6.70				
6.59				
6.48				
6.37				
6.26				
6.16				
6.06				
5.97				
5.88				
5.80				
5.71				
5.63				
5.53				
5.44				
5.35				
5.29				
5.22				
5.17				
5.10				
5.04				
4.99				
4.96				
4.95				
4.96				
4.98				
4.99				
5.01				
5.03				
5.06				
5.08				
5.10				
5.10				
5.09				
5.08				
5.06				
5.05				
5.02				
4.97				
4.90				
4.81				
4.69				
4.55				
4.40				
4.24				
4.07				
3.91				
3.76				
3.62				
3.49				
3.36				
3.22				
3.08				
2.94				
2.83				
2.76				
2.71				
2.69				
2.69				
2.71				
2.74				
2.80				
2.89				
2.99				
3.10				
3.21				
3.32				
3.45				
3.58				
3.74				
3.89				
4.04				
4.18				
4.31				
4.45				
4.58				
4.71				
4.83				
4.94				
5.05				
5.15				
5.26				
5.37				
5.48				
5.60				
5.74				
5.88				
6.04				
6.19				
6.33				
6.46				
6.59				
6.73				
6.87				
7.01				
7.15				
7.29				
7.41				
7.52				
7.60				
7.67				
7.71				
7.74				
7.76				
7.76				
7.76				
7.74				
7.70				
7.64				
7.59				
7.53				
7.47				
7.41				
7.35				
7.29				
7.23				
7.16				
7.10				
7.03				
6.96				
6.91				
6.87				
6.83				
6.78				
6.74				
6.68				
6.62				
6.56				
6.49				
6.41				
6.31				
6.19				
6.09				
5.98				
5.89				
5.80				
5.69				
5.58				
5.47				
5.38				
5.30				
5.23				
5.17				
5.12				
5.09				
5.09				
5.13				
5.20				
5.28				
5.38				
5.50				
5.62				
5.77				
5.93				
6.09				
6.26				
6.43				
6.61				
6.80				
7.00				
7.19				
7.38				
7.55				
7.73				
7.91				
8.08				
8.25				
8.42				
8.59				
8.76				
8.94				
9.10				
9.26				
9.39				
9.51				
9.61				
9.70				
9.77				
9.82				
9.84				
9.85				
9.86				
9.87				
9.88				
9.88				
9.88				
9.88				
9.89				
9.91				
9.95				
10.00				
10.06				
10.14				
10.24				
10.37				
10.51				
10.66				
10.81				
10.97				
11.15				
11.35				
11.55				
11.75				
11.94				
12.13				
12.32				
12.51				
12.70				
12.88				
13.05				
13.21				
13.36				
13.52				
13.66				
13.79				
13.89				
13.99				
14.08				
14.19				
14.31				
14.42				
14.51				
14.59				
14.67				
14.76				
14.85				
14.93				
15.01				
15.08				
15.14				
15.21				
15.28				
15.35				
15.42				
15.48				
15.55				
15.61				
15.67				
15.74				
15.81				
15.86				
15.90				
15.93				
15.96				
16.00				
16.06				
16.12				
16.20				
16.27				
16.33				
16.38				
16.43				
16.48				
16.54				
16.60				
16.68				
16.76				
16.85				
16.95				
17.04				
17.12				
17.19				
17.23				
17.27				
17.31				
17.36				
17.41				
17.47				
17.54				
17.60				
17.65				
17.70				
17.73				
17.77				
17.80				
17.84				
17.89				
17.94				
17.99				
18.05				
18.09				
18.13				
18.17				
18.20				
18.23				
18.26				
18.28				
18.29				
18.28				
18.25				
18.21				
18.15				
18.10				
18.05				
18.00				
17.95				
17.87				
17.77				
17.65				
17.50				
17.34				
17.18				
17.02				
16.85				
16.69				
16.51				
16.31				
16.09				
15.87				
15.65				
15.42				
15.19				
14.95				
14.72				
14.50				
14.29				
14.09				
13.90				
13.69				
13.49				
13.30				
13.12				
12.95				
12.79				
12.64				
12.50				
12.37				
12.25				
12.12				
12.01				
11.89				
11.78				
11.65				
11.52				
11.39				
11.27				
11.15				
11.04				
10.92				
10.79				
10.65				
10.51				
10.37				
10.23				
10.08				
9.92				
9.75				
9.58				
9.42				
9.27				
9.12				
8.96				
8.79				
8.61				
8.43				
8.24				
8.06				
7.87				
7.70				
7.53				
7.37				
7.21				
7.06				
6.90				
6.74				
6.60				
6.47				
6.37				
6.28				
6.22				
6.19				
6.18				
6.20				
6.23				
6.28				
6.35				
6.44				
6.56				
6.70				
6.86				
7.02				
7.17				
7.33				
7.49				
7.66				
7.82				
7.98				
8.12				
8.26				
8.39				
8.51				
8.62				
8.72				
8.81				
8.90				
8.99				
9.07				
9.16				
9.25				
9.32				
9.37				
9.41				
9.42				
9.41				
9.38				
9.34				
9.29				
9.21				
9.13				
9.02				
8.87				
8.68				
8.47				
8.24				
8.00				
7.76				
7.54				
7.33				
7.12				
6.90				
6.69				
6.47				
6.25				
6.03				
5.82				
5.63				
5.46				
5.31				
5.17				
5.03				
4.89				
4.75				
4.60				
4.46				
4.34				
4.23				
4.14				
4.08				
4.03				
4.01				
4.01				
4.03				
4.06				
4.09				
4.13				
4.19				
4.28				
4.38				
4.49				
4.61				
4.74				
4.87				
5.01				
5.15				
5.30				
5.46				
5.61				
5.76				
5.90				
6.02				
6.12				
6.18				
6.23				
6.26				
6.27				
6.26				
6.22				
6.17				
6.11				
6.06				
6.00				
5.93				
5.85				
5.78				
5.71				
5.67				
5.64				
5.63				
5.61				
5.60				
5.59				
5.58				
5.56				
5.53				
5.50				
5.46				
5.45				
5.45				
5.47				
5.49				
5.52				
5.55				
5.59				
5.63				
5.67				
5.74				
5.82				
5.92				
6.05				
6.18				
6.32				
6.46				
6.60				
6.74				
6.88				
7.03				
7.18				
7.33				
7.49				
7.65				
7.80				
7.94				
8.07				
8.19				
8.31				
8.44				
8.58				
8.72				
8.85				
8.98				
9.10				
9.21				
9.32				
9.42				
9.51				
9.60				
9.67				
9.75				
9.82				
9.88				
9.93				
9.97				
10.02				
10.06				
10.12				
10.16				
10.20				
10.22				
10.25				
10.28				
10.32				
10.38				
10.44				
10.49				
10.53				
10.57				
10.61				
10.63				
10.64				
10.64				
10.62				
10.60				
10.58				
10.56				
10.54				
10.51				
10.48				
10.47				
10.47				
10.48				
10.51				
10.56				
10.62				
10.72				
10.86				
11.02				
11.20				
11.39				
11.59				
11.80				
12.03				
12.27				
12.51				
12.76				
12.99				
13.20				
13.38				
13.54				
13.68				
13.81				
13.92				
14.02				
14.11				
14.18				
14.23				
14.25				
14.25				
14.25				
14.24				
14.25				
14.27				
14.32				
14.39				
14.48				
14.58				
14.70				
14.83				
14.98				
15.15				
15.32				
15.50				
15.66				
15.80				
15.93				
16.04				
16.14				
16.21				
16.25				
16.25				
16.23				
16.17				
16.08				
15.96				
15.80				
15.63				
15.44				
15.25				
15.06				
14.88				
14.71				
14.55				
14.41				
14.27				
14.16				
14.07				
13.99				
13.93				
13.87				
13.83				
13.81				
13.81				
13.82				
13.84				
13.86				
13.87				
13.87				
13.86				
13.85				
13.83				
13.81				
13.78				
13.74				
13.69				
13.64				
13.59				
13.54				
13.50				
13.45				
13.39				
13.32				
13.26				
13.20				
13.16				
13.13				
13.11				
13.09				
13.08				
13.09				
13.11				
13.15				
13.20				
13.27				
13.35				
13.45				
13.56				
13.67				
13.78				
13.87				
13.96				
14.05				
14.15				
14.24				
14.33				
14.40				
14.46				
14.51				
14.54				
14.57				
14.61				
14.65				
14.70				
14.75				
14.79				
14.83				
14.87				
14.92				
14.98				
15.06				
15.14				
15.22				
15.31				
15.40				
15.50				
15.59				
15.67				
15.72				
15.75				
15.78				
15.80				
15.83				
15.85				
15.85				
15.83				
15.78				
15.70				
15.62				
15.52				
15.42				
15.30				
15.18				
15.05				
14.92				
14.78				
14.64				
14.49				
14.32				
14.16				
14.01				
13.87				
13.75				
13.65				
13.54				
13.44				
13.34				
13.24				
13.18				
13.15				
13.15				
13.18				
13.22				
13.29				
13.37				
13.46				
13.55				
13.64				
13.73				
13.84				
13.95				
14.09				
14.23				
14.36				
14.46				
14.54				
14.60				
14.65				
14.67				
14.67				
14.65				
14.60				
14.55				
14.48				
14.41				
14.32				
14.22				
14.09				
13.93				
13.76				
13.59				
13.44				
13.29				
13.16				
13.01				
12.87				
12.74				
12.62				
12.51				
12.42				
12.33				
12.25				
12.20				
12.17				
12.16				
12.17				
12.18				
12.18				
12.17				
12.17				
12.20				
12.25				
12.33				
12.39				
12.43				
12.44				
12.43				
12.42				
12.41				
12.42				
12.41				
12.39				
12.36				
12.34				
12.34				
12.35				
12.37				
12.38				
12.36				
12.35				
12.34				
12.38				
12.44				
12.52				
12.61				
12.69				
12.77				
12.85				
12.94				
13.05				
13.16				
13.27				
13.38				
13.48				
13.60				
13.72				
13.84				
13.97				
14.09				
14.21				
14.32				
14.45				
14.58				
14.71				
14.83				
14.92				
14.99				
15.05				
15.14				
15.24				
15.33				
15.39				
15.40				
15.36				
15.29				
15.20				
15.10				
14.99				
14.85				
14.70				
14.53				
14.37				
14.23				
14.10				
13.98				
13.85				
13.73				
13.63				
13.58				
13.59				
13.65				
13.76				
13.88				
13.99				
14.10				
14.22				
14.37				
14.53				
14.72				
14.89				
15.05				
15.17				
15.26				
15.32				
15.38				
15.42				
15.44				
15.45				
15.44				
15.43				
15.41				
15.38				
15.34				
15.27				
15.21				
15.15				
15.13				
15.15				
15.18				
15.22				
15.25				
15.25				
15.24				
15.23				
15.22				
15.21				
15.20				
15.19				
15.17				
15.15				
15.12				
15.09				
15.04				
14.96				
14.85				
14.74				
14.64				
14.57				
14.52				
14.48				
14.44				
14.36				
14.27				
14.17				
14.08				
14.01				
13.95				
13.90				
13.84				
13.76				
13.67				
13.57				
13.49				
13.42				
13.37				
13.31				
13.24				
13.17				
13.11				
13.05				
12.99				
12.92				
12.85				
12.78				
12.72				
12.69				
12.67				
12.64				
12.61				
12.55				
12.47				
12.40				
12.33				
12.27				
12.22				
12.16				
12.10				
12.04				
11.99				
11.94				
11.90				
11.86				
11.80				
11.73				
11.67				
11.62				
11.58				
11.55				
11.52				
11.48				
11.43				
11.39				
11.35				
11.31				
11.26				
11.20				
11.12				
11.02				
10.90				
10.79				
10.70				
10.60				
10.50				
10.38				
10.23				
10.05				
9.86				
9.66				
9.46				
9.25				
9.03				
8.82				
8.62				
8.43				
8.26				
8.09				
7.91				
7.73				
7.56				
7.41				
7.30				
7.22				
7.18				
7.15				
7.13				
7.12				
7.15				
7.22				
7.32				
7.44				
7.56				
7.69				
7.82				
7.97				
8.14				
8.32				
8.51				
8.69				
8.86				
9.02				
9.18				
9.35				
9.51				
9.65				
9.74				
9.78				
9.79				
9.78				
9.77				
9.75				
9.72				
9.67				
9.58				
9.47				
9.34				
9.22				
9.10				
9.00				
8.89				
8.80				
8.73				
8.69				
8.68				
8.69				
8.72				
8.76				
8.79				
8.83				
8.89				
8.96				
9.05				
9.15				
9.24				
9.34				
9.44				
9.55				
9.68				
9.81				
9.94				
10.05				
10.14				
10.21				
10.27				
10.33				
10.39				
10.45				
10.50				
10.54				
10.58				
10.60				
10.63				
10.65				
10.66				
10.67				
10.66				
10.64				
10.63				
10.62				
10.62				
10.63				
10.64				
10.64				
10.64				
10.65				
10.65				
10.68				
10.71				
10.75				
10.78				
10.82				
10.87				
10.92				
10.99				
11.07				
11.15				
11.23				
11.31				
11.39				
11.46				
11.54				
11.63				
11.72				
11.80				
11.88				
11.96				
12.05				
12.15				
12.25				
12.32				
12.37				
12.40				
12.41				
12.43				
12.46				
12.49				
12.52				
12.52				
12.51				
12.48				
12.45				
12.43				
12.42				
12.40				
12.37				
12.32				
12.25				
12.18				
12.13				
12.09				
12.05				
11.99				
11.92				
11.84				
11.76				
11.70				
11.64				
11.60				
11.54				
11.48				
11.40				
11.31				
11.23				
11.16				
11.08				
10.98				
10.88				
10.76				
10.65				
10.54				
10.44				
10.33				
10.21				
10.07				
9.92				
9.77				
9.63				
9.50				
9.37				
9.22				
9.07				
8.91				
8.76				
8.63				
8.52				
8.43				
8.35				
8.27				
8.20				
8.16				
8.14				
8.14				
8.16				
8.18				
8.19				
8.20				
8.23				
8.28				
8.34				
8.40				
8.45				
8.48				
8.50				
8.52				
8.56				
8.61				
8.66				
8.70				
8.71				
8.71				
8.71				
8.73				
8.76				
8.81				
8.84				
8.87				
8.90				
8.94				
9.01				
9.11				
9.22				
9.34				
9.46				
9.58				
9.72				
9.87				
10.05				
10.24				
10.42				
10.59				
10.74				
10.90				
11.05				
11.22				
11.39				
11.55				
11.69				
11.80				
11.89				
11.97				
12.04				
12.13				
12.21				
12.30				
12.39				
12.46				
12.52				
12.57				
12.62				
12.68				
12.77				
12.88				
13.00				
13.12				
13.22				
13.29				
13.36				
13.44				
13.52				
13.61				
13.69				
13.75				
13.77				
13.77				
13.76				
13.74				
13.72				
13.68				
13.62				
13.51				
13.38				
13.24				
13.10				
12.98				
12.87				
12.74				
12.59				
12.41				
12.21				
12.03				
11.89				
11.79				
11.73				
11.68				
11.64				
11.60				
11.57				
11.58				
11.64				
11.73				
11.84				
11.96				
12.06				
12.16				
12.27				
12.39				
12.53				
12.67				
12.80				
12.90				
12.96				
13.00				
13.01				
13.00				
12.97				
12.93				
12.87				
12.81				
12.73				
12.63				
12.51				
12.37				
12.22				
12.07				
11.92				
11.80				
11.68				
11.59				
11.50				
11.41				
11.32				
11.22				
11.12				
11.03				
10.93				
10.83				
10.74				
10.65				
10.56				
10.47				
10.38				
10.28				
10.17				
10.06				
9.95				
9.86				
9.79				
9.73				
9.66				
9.57				
9.47				
9.36				
9.25				
9.16				
9.08				
9.01				
8.94				
8.86				
8.78				
8.68				
8.56				
8.44				
8.31				
8.18				
8.05				
7.94				
7.83				
7.73				
7.63				
7.53				
7.43				
7.33				
7.25				
7.18				
7.12				
7.09				
7.07				
7.06				
7.06				
7.06				
7.07				
7.08				
7.10				
7.13				
7.16				
7.19				
7.23				
7.25				
7.27				
7.26				
7.23				
7.19				
7.15				
7.11				
7.06				
7.00				
6.93				
6.85				
6.76				
6.67				
6.59				
6.52				
6.46				
6.39				
6.32				
6.26				
6.21				
6.18				
6.16				
6.14				
6.12				
6.10				
6.07				
6.05				
6.05				
6.06				
6.10				
6.13				
6.16				
6.19				
6.20				
6.22				
6.25				
6.29				
6.33				
6.36				
6.37				
6.37				
6.38				
6.40				
6.45				
6.51				
6.57				
6.61				
6.64				
6.65				
6.68				
6.71				
6.77				
6.82				
6.86				
6.87				
6.86				
6.85				
6.84				
6.84				
6.84				
6.84				
6.82				
6.79				
6.75				
6.72				
6.71				
6.72				
6.74				
6.77				
6.81				
6.85				
6.90				
6.97				
7.08				
7.20				
7.32				
7.45				
7.57				
7.68				
7.78				
7.87				
7.96				
8.02				
8.05				
8.04				
8.00				
7.93				
7.83				
7.72				
7.59				
7.44				
7.27				
7.09				
6.90				
6.70				
6.52				
6.35				
6.20				
6.05				
5.90				
5.76				
5.61				
5.48				
5.37				
5.30				
5.26				
5.23				
5.21				
5.18				
5.15				
5.12				
5.09				
5.07				
5.06				
5.05				
5.04				
5.03				
5.02				
5.00				
4.98				
4.95				
4.91				
4.86				
4.80				
4.74				
4.69				
4.63				
4.58				
4.53				
4.48				
4.41				
4.34				
4.25				
4.16				
4.08				
4.02				
3.99				
3.98				
3.99				
4.02				
4.05				
4.08				
4.14				
4.21				
4.31				
4.43				
4.54				
4.66				
4.79				
4.92				
5.08				
5.25				
5.42				
5.59				
5.74				
5.88				
6.01				
6.14				
6.27				
6.39				
6.48				
6.53				
6.57				
6.58				
6.59				
6.59				
6.59				
6.56				
6.51				
6.42				
6.32				
6.21				
6.09				
5.98				
5.87				
5.74				
5.61				
5.48				
5.34				
5.21				
5.09				
4.98				
4.86				
4.74				
4.61				
4.48				
4.35				
4.23				
4.13				
4.04				
3.95				
3.86				
3.75				
3.62				
3.50				
3.37				
3.25				
3.15				
3.05				
2.96				
2.87				
2.78				
2.68				
2.59				
2.51				
2.42				
2.32				
2.22				
2.10				
1.98				
1.87				
1.78				
1.72				
1.68				
1.66				
1.64				
1.63				
1.66				
1.75				
1.90				
2.11				
2.34				
2.57				
2.76				
2.93				
3.09				
3.27				
3.47				
3.69				
3.90				
4.10				
4.26				
4.39				
4.53				
4.69				
4.88				
5.07				
5.27				
5.43				
5.57				
5.69				
5.81				
5.95				
6.12				
6.30				
6.48				
6.64				
6.76				
6.87				
6.97				
7.08				
7.21				
7.36				
7.52				
7.66				
7.78				
7.88				
7.97				
8.08				
8.22				
8.38				
8.54				
8.69				
8.80				
8.86				
8.90				
8.92				
8.94				
8.96				
8.96				
8.93				
8.86				
8.75				
8.60				
8.43				
8.27				
8.10				
7.92				
7.72				
7.49				
7.23				
6.95				
6.67				
6.41				
6.15				
5.91				
5.65				
5.38				
5.09				
4.82				
4.57				
4.36				
4.21				
4.10				
4.01				
3.93				
3.85				
3.78				
3.73				
3.72				
3.77				
3.86				
3.99				
4.14				
4.28				
4.43				
4.57				
4.73				
4.89				
5.07				
5.23				
5.37				
5.46				
5.53				
5.58				
5.63				
5.68				
5.72				
5.75				
5.74				
5.68				
5.59				
5.47				
5.36				
5.26				
5.17				
5.09				
4.99				
4.87				
4.73				
4.60				
4.47				
4.37				
4.30				
4.25				
4.23				
4.22				
4.22				
4.23				
4.26				
4.33				
4.42				
4.54				
4.67				
4.81				
4.93				
5.04				
5.15				
5.26				
5.37				
5.49				
5.59				
5.68				
5.75				
5.80				
5.83				
5.87				
5.93				
5.99				
6.04				
6.08				
6.08				
6.07				
6.06				
6.08				
6.14				
6.22				
6.30				
6.35				
6.36				
6.34				
6.29				
6.25				
6.24				
6.25				
6.26				
6.26				
6.23				
6.16				
6.08				
6.01				
5.99				
6.01				
6.06				
6.11				
6.13				
6.13				
6.12				
6.13				
6.18				
6.29				
6.44				
6.60				
6.73				
6.84				
6.92				
7.00				
7.10				
7.24				
7.39				
7.53				
7.63				
7.69				
7.72				
7.74				
7.78				
7.84				
7.89				
7.93				
7.92				
7.85				
7.74				
7.61				
7.48				
7.38				
7.30				
7.20				
7.08				
6.92				
6.72				
6.51				
6.31				
6.14				
6.01				
5.90				
5.79				
5.67				
5.55				
5.44				
5.35				
5.30				
5.29				
5.29				
5.30				
5.31				
5.32				
5.34				
5.39				
5.48				
5.59				
5.71				
5.80				
5.86				
5.89				
5.91				
5.95				
6.03				
6.12				
6.21				
6.28				
6.30				
6.29				
6.25				
6.22				
6.21				
6.24				
6.28				
6.31				
6.31				
6.28				
6.21				
6.12				
6.02				
5.94				
5.87				
5.79				
5.71				
5.61				
5.47				
5.32				
5.15				
4.99				
4.85				
4.73				
4.61				
4.49				
4.35				
4.21				
4.06				
3.92				
3.79				
3.68				
3.56				
3.46				
3.36				
3.29				
3.25				
3.24				
3.25				
3.25				
3.27				
3.31				
3.40				
3.53				
3.70				
3.90				
4.09				
4.26				
4.43				
4.60				
4.80				
5.03				
5.29				
5.54				
5.77				
5.98				
6.16				
6.35				
6.54				
6.76				
7.01				
7.26				
7.50				
7.71				
7.89				
8.05				
8.21				
8.38				
8.55				
8.73				
8.89				
9.04				
9.16				
9.26				
9.33				
9.40				
9.46				
9.51				
9.55				
9.58				
9.59				
9.58				
9.57				
9.55				
9.54				
9.52				
9.50				
9.47				
9.43				
9.39				
9.36				
9.33				
9.32				
9.31				
9.31				
9.30				
9.29				
9.27				
9.24				
9.24				
9.24				
9.25				
9.27				
9.29				
9.30				
9.30				
9.28				
9.26				
9.25				
9.24				
9.24				
9.24				
9.22				
9.19				
9.15				
9.11				
9.07				
9.06				
9.05				
9.06				
9.07				
9.08				
9.09				
9.09				
9.10				
9.11				
9.15				
9.20				
9.26				
9.33				
9.40				
9.47				
9.54				
9.63				
9.74				
9.87				
10.01				
10.15				
10.27				
10.39				
10.49				
10.60				
10.73				
10.89				
11.05				
11.20				
11.32				
11.41				
11.46				
11.52				
11.60				
11.72				
11.86				
12.00				
12.10				
12.17				
12.21				
12.23				
12.28				
12.37				
12.50				
12.65				
12.81				
12.95				
13.07				
13.18				
13.31				
13.49				
13.73				
14.01				
14.32				
14.63				
14.91				
15.16				
15.41				
15.67				
15.95				
16.27				
16.60				
16.93				
17.24				
17.51				
17.78				
18.05				
18.33				
18.56				
18.79				
19.02				
19.23				
19.41				
19.54				
19.64				
19.72				
19.79				
19.83				
19.85				
19.89				
19.94				
19.98				
20.02				
20.06				
20.10				
20.15				
20.09				
20.05				
20.06				
20.16				
20.30				
20.46				
20.64				
20.83				
21.02				
21.20				
20.94				
20.70				
20.50				
20.35				
20.60				
20.87				
21.14				
21.39				
21.60				
21.34				
21.09				
20.83				
21.00				
21.14				
21.27				
21.38				
21.53				
21.65				
21.76				
21.85				
21.93				
21.98				
22.02				
22.00				
21.97				
21.78				
21.60				
21.40				
21.21				
21.05				
21.00				
20.95				
20.86				
20.79				
20.76				
20.44				
20.46				
20.49				
20.50				
20.52				
20.54				
20.56				
20.59				
20.63				
20.68				
20.74				
20.80				
20.86				
20.89				
20.91				
20.94				
21.00				
21.08				
21.16				
21.24				
21.32				
21.39				
21.44				
21.44				
21.46				
21.47				
21.48				
21.50				
21.53				
21.57				
21.60				
21.61				
21.59				
21.54				
21.48				
21.43				
21.40				
21.39				
21.40				
21.40				
21.39				
21.35				
21.28				
21.19				
21.12				
21.08				
21.08				
21.10				
21.13				
21.15				
21.15				
21.14				
21.13				
21.15				
21.21				
21.30				
21.42				
21.52				
21.61				
21.65				
21.66				
21.68				
21.70				
21.76				
21.85				
21.96				
22.06				
22.12				
22.14				
22.12				
22.08				
22.05				
22.04				
22.06				
22.10				
22.13				
22.13				
22.10				
22.04				
21.95				
21.87				
21.81				
21.77				
21.74				
21.70				
21.63				
21.51				
21.36				
21.19				
21.03				
20.88				
20.77				
20.68				
20.57				
20.43				
20.25				
20.03				
19.77				
19.52				
19.26				
19.07				
18.91				
18.77				
18.60				
18.42				
18.20				
17.97				
17.74				
17.54				
17.39				
17.28				
17.18				
17.09				
16.98				
16.84				
16.68				
16.53				
16.07				
15.66				
15.61				
15.60				
15.58				
15.54				
15.47				
15.39				
15.32				
15.27				
15.27				
15.30				
15.35				
15.38				
15.39				
15.36				
15.31				
15.27				
15.25				
15.27				
15.33				
15.40				
15.47				
15.50				
15.52				
15.55				
15.60				
15.66				
15.74				
15.85				
15.97				
16.06				
16.15				
16.22				
16.29				
16.36				
16.45				
16.55				
16.67				
16.77				
16.86				
16.94				
17.01				
17.07				
17.15				
17.24				
17.35				
17.47				
17.60				
17.71				
17.82				
17.94				
18.05				
18.17				
18.30				
18.44				
18.57				
18.71				
18.84				
18.98				
19.11				
19.23				
19.35				
19.46				
19.56				
19.67				
19.77				
19.88				
19.99				
20.11				
20.22				
20.32				
20.41				
20.50				
20.59				
20.70				
20.81				
20.92				
21.03				
21.13				
21.20				
21.25				
21.28				
21.26				
21.25				
21.28				
21.30				
21.31				
21.32				
21.30				
21.26				
21.22				
21.19				
21.17				
21.18				
21.22				
21.28				
21.36				
21.47				
21.59				
21.74				
21.92				
22.12				
22.35				
22.60				
22.88				
23.17				
23.48				
23.80				
24.10				
24.39				
24.65				
24.87				
25.06				
25.22				
25.38				
25.52				
25.66				
25.78				
25.87				
25.94				
25.97				
25.99				
26.00				
26.03				
26.09				
26.17				
26.26				
26.36				
26.45				
26.55				
26.64				
26.74				
26.87				
27.02				
27.20				
27.37				
27.53				
27.66				
27.77				
27.84				
27.90				
27.94				
27.99				
28.02				
28.04				
28.03				
28.00				
27.95				
27.89				
27.83				
27.78				
27.75				
27.74				
27.76				
27.78				
27.82				
27.88				
27.95				
28.04				
28.17				
28.33				
28.53				
28.76				
28.99				
29.24				
29.50				
29.77				
30.06				
30.36				
30.69				
31.04				
31.39				
31.73				
32.04				
32.32				
32.59				
32.85				
33.12				
33.40				
33.68				
33.94				
34.18				
34.36				
34.50				
34.61				
34.71				
34.79				
34.88				
34.97				
35.04				
35.07				
35.06				
35.02				
34.94				
34.85				
34.75				
34.65				
34.54				
34.44				
34.33				
34.21				
34.07				
33.92				
33.75				
33.58				
33.42				
33.28				
33.16				
33.05				
32.95				
32.86				
32.76				
32.67				
32.58				
32.50				
32.43				
32.37				
32.32				
32.25				
32.14				
31.99				
