12096.147
11628.977
11293.882
11018.437
10869.141
10770.25399999
10310.454
9950.091
10686.59299999
11608.115
11921.57599999
12148.764
12127.445
11901.056
12312.81
12536.57699999
12354.357
11885.732
10850.552
11160.98999999
11443.63
11362.766
11958.234
12055.18899999
11791.04
11406.28799999
11137.048
10895.207
10756.83499999
10629.49599999
10085.947
9639.547
9898.61799999
10361.38
10500.85399999
10545.43199999
10543.014
10519.26399999
10635.335
10710.631
10633.00999999
10340.913
10124.52
11327.82999999
11728.477
11569.45
11558.594
11512.192
11386.905
11134.662
10898.84499999
10634.535
10408.07799999
10302.322
9741.972
9109.59799999
9130.385
9316.86
9437.28599999
9456.428
9560.235
9575.088
9640.679
9650.26399999
9635.385
9609.81799999
9740.649
11067.005
11464.883
11487.091
11650.489
11653.868
11305.178
10944.697
10673.762
10461.06
10354.894
10246.309
9918.06799999
9723.58499999
10636.33399999
11735.645
12224.303
12455.904
12369.652
12134.648
12545.619
12810.91
12663.722
12181.133
11137.956
11346.973
11623.838
11638.576
12448.701
12469.753
12132.47599999
11782.775
11477.123
11201.145
11046.256
10968.58099999
10492.269
10143.127
10991.565
12037.841
12411.843
12694.482
12627.339
12293.58
12657.14899999
12868.62
12653.143
12309.677
11227.52499999
11530.015
11775.911
11763.821
12470.492
12493.507
12188.433
11666.578
11207.173
10963.81799999
10796.954
10662.762
10302.43799999
9901.192
10611.02
11539.405
11857.912
12076.848
12021.52799999
11660.192
11933.09
12009.553
11934.488
11586.524
10728.19299999
11084.43
11297.283
11271.60999999
11771.669
11670.38499999
11292.601
10943.775
10666.306
10436.002
10180.846
10067.13899999
9691.34
9469.542
10254.636
11252.545
11683.478
11905.834
11901.20499999
11626.8
12008.803
12261.951
12104.339
11645.863
10604.808
11027.07
11175.751
11117.09899999
11706.502
11699.91
11384.40399999
10929.539
10566.491
10255.13899999
10091.50799999
9991.667
9595.678
9271.49599999
10039.768
11031.00999999
11544.335
11878.616
11884.72
11606.106
12001.202
12295.07
12198.183
11630.248
10614.752
11036.745
11292.302
11131.02599999
11748.782
11713.55499999
11466.865
11104.384
10802.658
10589.697
10418.306
10304.27699999
9774.626
9233.091
9537.35
10043.73099999
10285.242
10479.99599999
10464.792
10455.32599999
10492.34
10462.11599999
10383.484
10164.421
10036.819
11453.889
11753.186
11584.731
11567.785
11407.549
11162.39
10884.609
10582.305
10316.16399999
10090.793
9968.217
9391.16
8703.632
8770.26299999
8876.55899999
8952.24099999
8944.40499999
9061.359
9161.963
9279.221
9342.396
9293.00899999
9172.983
9219.707
10624.774
11060.471
11031.253
11136.04499999
11184.526
10901.83399999
10567.58999999
10246.649
10032.158
9852.231
9761.67399999
9453.87699999
9212.155
10062.523
11191.63
11711.587
11963.6
11955.59699999
11751.093
12219.734
12600.447
12469.29
12002.076
10734.46999999
11047.381
11435.932
11481.16699999
12117.764
12095.16799999
11684.026
11236.338
10874.50399999
10669.749
10453.81299999
10375.99
10024.151
9611.543
10399.39
11401.09099999
11919.83599999
12162.69799999
12113.41099999
11849.12
12327.319
12612.404
12541.713
12131.10899999
10941.03099999
11305.929
11467.51099999
11497.77
12269.20699999
12393.35999999
11995.264
11465.174
11085.211
10848.899
10748.15
10669.447
10314.02499999
9838.777
10721.773
11781.951
12168.723
12413.591
12244.999
11888.145
12161.674
12401.699
12344.604
11997.765
11169.31199999
11446.43
11560.221
11556.179
12168.23999999
12337.916
12012.16
11488.691
11107.012
10861.736
10656.325
10535.172
10202.775
9850.67499999
10730.366
11786.082
12175.576
12372.446
12344.29499999
12071.511
12532.024
12781.376
12636.193
12208.80499999
11213.144
11592.13
11826.107
11848.882
12490.279
12484.441
12144.04599999
11683.17199999
11364.432
11175.843
10991.003
10888.962
10510.017
10123.898
10976.422
12061.722
12471.68099999
12719.254
12634.744
12282.315
12577.507
12844.949
12640.767
12118.708
11125.381
11475.216
11624.929
11584.336
12184.096
12214.71
11954.79
11627.488
11359.745
11087.28
10977.25499999
10831.22899999
10364.276
9819.658
10094.016
10564.414
10768.516
10897.10099999
10936.644
10889.073
10805.75
10682.418
10534.613
10462.218
10533.629
11884.613
12114.331
11980.50799999
11838.108
11706.194
11106.689
10837.45
10600.322
10446.057
10320.33299999
9755.287
9047.99
9058.812
9140.16999999
9187.712
9271.292
9397.263
9437.29
9531.806
9489.201
9396.911
9307.439
9638.831
11190.25
11488.476
11563.33199999
11658.166
11759.673
11500.11
11059.11899999
10793.642
10565.30599999
10418.57999999
10330.95899999
9966.475
9644.504
10440.569
11498.375
11952.59099999
12261.062
12174.697
11994.43999999
12497.75899999
12876.99399999
12693.972
12087.866
11020.533
11406.957
11659.564
11760.057
12374.028
12233.755
11812.972
11416.94899999
11073.493
10797.912
10674.43899999
10583.69999999
10107.99599999
9785.36199999
10532.971
11521.289
11989.053
12310.735
12353.643
12170.138
12573.034
12921.515
12806.16999999
12338.418
11183.574
11509.249
11771.984
11814.702
12538.877
12517.98999999
12124.69
11607.051
11196.509
10903.69899999
10704.258
10605.955
10162.944
9792.892
10441.801
11453.03
12085.259
12573.124
12482.286
12252.581
12570.312
12809.32
12793.001
12367.923
11325.121
11704.262
11885.548
11908.643
12550.297
12482.423
12117.543
11684.338
11373.46
11133.638
10974.123
10846.53099999
10370.856
10020.052
10781.48
11812.496
12231.824
12521.142
12534.06
12220.384
12653.399
12935.78
12775.286
12321.653
11203.798
11559.257
11697.847
11690.944
12379.561
12359.04
12039.94899999
11511.16499999
11118.57
10870.591
10728.339
10622.65499999
10312.763
9919.389
10755.58499999
11700.552
12184.948
12382.482
12381.052
12070.701
12444.97399999
12718.873
12486.565
11844.034
10944.67
11513.11799999
11743.1
11714.608
12355.574
12308.004
12052.32999999
11632.283
11284.407
11050.991
10917.172
10804.17499999
10315.464
9656.123
10034.781
10607.453
10875.09399999
11023.616
10918.687
10776.47699999
10785.906
10743.783
10634.527
10421.06799999
10413.40599999
11741.474
11909.712
11746.789
11736.765
11465.65
11268.044
10916.67
10660.343
10578.147
10424.06399999
10222.54299999
9685.35299999
8935.499
8987.772
9189.92399999
9172.32699999
9179.124
9277.272
9356.74599999
9564.408
9685.51199999
9677.064
9629.695
9793.749
11296.15199999
11482.773
11479.861
11661.47499999
11723.52
11437.915
11011.871
10708.15699999
10515.995
10389.527
10290.614
9860.66899999
9598.377
10543.54899999
11644.513
12140.25
12481.623
12438.42
12160.99399999
12574.105
12859.476
12698.328
12186.696
11181.432
11580.731
11794.908
11823.915
12443.75
12403.234
12046.075
11652.09099999
11303.161
10927.96999999
10713.842
10618.361
10223.08599999
9835.24299999
10740.301
11896.221
12382.339
12732.327
12718.656
12431.648
12875.844
13107.817
12918.757
12376.97599999
11317.146
11746.567
11841.699
11876.696
12469.528
12481.90399999
12110.664
11637.322
11316.373
10982.039
10752.342
10726.49599999
10363.543
9971.72
10854.37199999
11791.073
12208.346
12453.231
12461.221
12273.016
12698.17199999
12943.035
12875.728
12345.585
11301.276
11780.216
11858.697
11871.052
12510.849
12435.567
12086.508
11624.544
