1 12096.147
1 11628.977
1 11293.882
1 11018.437
1 10869.141
1 10770.25399999
1 10310.454
1 9950.091
1 10686.59299999
1 11608.115
1 11921.57599999
1 12148.764
1 12127.445
1 11901.056
1 12312.81
1 12536.57699999
1 12354.357
1 11885.732
1 10850.552
1 11160.98999999
1 11443.63
1 11362.766
1 11958.234
1 12055.18899999
1 11791.04
1 11406.28799999
1 11137.048
1 10895.207
1 10756.83499999
1 10629.49599999
1 10085.947
1 9639.547
1 9898.61799999
1 10361.38
1 10500.85399999
1 10545.43199999
1 10543.014
1 10519.26399999
1 10635.335
1 10710.631
1 10633.00999999
1 10340.913
1 10124.52
1 11327.82999999
1 11728.477
1 11569.45
1 11558.594
1 11512.192
1 11386.905
1 11134.662
1 10898.84499999
1 10634.535
1 10408.07799999
1 10302.322
1 9741.972
1 9109.59799999
1 9130.385
1 9316.86
1 9437.28599999
1 9456.428
1 9560.235
1 9575.088
1 9640.679
1 9650.26399999
1 9635.385
1 9609.81799999
1 9740.649
1 11067.005
1 11464.883
1 11487.091
1 11650.489
1 11653.868
1 11305.178
1 10944.697
1 10673.762
1 10461.06
1 10354.894
1 10246.309
1 9918.06799999
1 9723.58499999
1 10636.33399999
1 11735.645
1 12224.303
1 12455.904
1 12369.652
1 12134.648
1 12545.619
1 12810.91
1 12663.722
1 12181.133
1 11137.956
1 11346.973
1 11623.838
1 11638.576
1 12448.701
1 12469.753
1 12132.47599999
1 11782.775
1 11477.123
1 11201.145
1 11046.256
1 10968.58099999
1 10492.269
1 10143.127
1 10991.565
1 12037.841
1 12411.843
1 12694.482
1 12627.339
1 12293.58
1 12657.14899999
1 12868.62
1 12653.143
1 12309.677
1 11227.52499999
1 11530.015
1 11775.911
1 11763.821
1 12470.492
1 12493.507
1 12188.433
1 11666.578
1 11207.173
1 10963.81799999
1 10796.954
1 10662.762
1 10302.43799999
1 9901.192
1 10611.02
1 11539.405
1 11857.912
1 12076.848
1 12021.52799999
1 11660.192
1 11933.09
1 12009.553
1 11934.488
1 11586.524
1 10728.19299999
1 11084.43
1 11297.283
1 11271.60999999
1 11771.669
1 11670.38499999
1 11292.601
1 10943.775
1 10666.306
1 10436.002
1 10180.846
1 10067.13899999
1 9691.34
1 9469.542
1 10254.636
1 11252.545
1 11683.478
1 11905.834
1 11901.20499999
1 11626.8
1 12008.803
1 12261.951
1 12104.339
1 11645.863
1 10604.808
1 11027.07
1 11175.751
1 11117.09899999
1 11706.502
1 11699.91
1 11384.40399999
1 10929.539
1 10566.491
1 10255.13899999
1 10091.50799999
1 9991.667
1 9595.678
1 9271.49599999
1 10039.768
1 11031.00999999
1 11544.335
1 11878.616
1 11884.72
1 11606.106
1 12001.202
1 12295.07
1 12198.183
1 11630.248
1 10614.752
1 11036.745
1 11292.302
1 11131.02599999
1 11748.782
1 11713.55499999
1 11466.865
1 11104.384
1 10802.658
1 10589.697
1 10418.306
1 10304.27699999
1 9774.626
1 9233.091
1 9537.35
1 10043.73099999
1 10285.242
1 10479.99599999
1 10464.792
1 10455.32599999
1 10492.34
1 10462.11599999
1 10383.484
1 10164.421
1 10036.819
1 11453.889
1 11753.186
1 11584.731
1 11567.785
1 11407.549
1 11162.39
1 10884.609
1 10582.305
1 10316.16399999
1 10090.793
1 9968.217
1 9391.16
1 8703.632
1 8770.26299999
1 8876.55899999
1 8952.24099999
1 8944.40499999
1 9061.359
1 9161.963
1 9279.221
1 9342.396
1 9293.00899999
1 9172.983
1 9219.707
1 10624.774
1 11060.471
1 11031.253
1 11136.04499999
1 11184.526
1 10901.83399999
1 10567.58999999
1 10246.649
1 10032.158
1 9852.231
1 9761.67399999
1 9453.87699999
1 9212.155
1 10062.523
1 11191.63
1 11711.587
1 11963.6
1 11955.59699999
1 11751.093
1 12219.734
1 12600.447
1 12469.29
1 12002.076
1 10734.46999999
1 11047.381
1 11435.932
1 11481.16699999
1 12117.764
1 12095.16799999
1 11684.026
1 11236.338
1 10874.50399999
1 10669.749
1 10453.81299999
1 10375.99
1 10024.151
1 9611.543
1 10399.39
1 11401.09099999
1 11919.83599999
1 12162.69799999
1 12113.41099999
1 11849.12
1 12327.319
1 12612.404
1 12541.713
1 12131.10899999
1 10941.03099999
1 11305.929
1 11467.51099999
1 11497.77
1 12269.20699999
1 12393.35999999
1 11995.264
1 11465.174
1 11085.211
1 10848.899
1 10748.15
1 10669.447
1 10314.02499999
1 9838.777
1 10721.773
1 11781.951
1 12168.723
1 12413.591
1 12244.999
1 11888.145
1 12161.674
1 12401.699
1 12344.604
1 11997.765
1 11169.31199999
1 11446.43
1 11560.221
1 11556.179
1 12168.23999999
1 12337.916
1 12012.16
1 11488.691
1 11107.012
1 10861.736
1 10656.325
1 10535.172
1 10202.775
1 9850.67499999
1 10730.366
1 11786.082
1 12175.576
1 12372.446
1 12344.29499999
1 12071.511
1 12532.024
1 12781.376
1 12636.193
1 12208.80499999
1 11213.144
1 11592.13
1 11826.107
1 11848.882
1 12490.279
1 12484.441
1 12144.04599999
1 11683.17199999
1 11364.432
1 11175.843
1 10991.003
1 10888.962
1 10510.017
1 10123.898
1 10976.422
1 12061.722
1 12471.68099999
1 12719.254
1 12634.744
1 12282.315
1 12577.507
1 12844.949
1 12640.767
1 12118.708
1 11125.381
1 11475.216
1 11624.929
1 11584.336
1 12184.096
1 12214.71
1 11954.79
1 11627.488
1 11359.745
1 11087.28
1 10977.25499999
1 10831.22899999
1 10364.276
1 9819.658
1 10094.016
1 10564.414
1 10768.516
1 10897.10099999
1 10936.644
1 10889.073
1 10805.75
1 10682.418
1 10534.613
1 10462.218
1 10533.629
1 11884.613
1 12114.331
1 11980.50799999
1 11838.108
1 11706.194
1 11106.689
1 10837.45
1 10600.322
1 10446.057
1 10320.33299999
1 9755.287
1 9047.99
1 9058.812
1 9140.16999999
1 9187.712
1 9271.292
1 9397.263
1 9437.29
1 9531.806
1 9489.201
1 9396.911
1 9307.439
1 9638.831
1 11190.25
1 11488.476
1 11563.33199999
1 11658.166
1 11759.673
1 11500.11
1 11059.11899999
1 10793.642
1 10565.30599999
1 10418.57999999
1 10330.95899999
1 9966.475
1 9644.504
1 10440.569
1 11498.375
1 11952.59099999
1 12261.062
1 12174.697
1 11994.43999999
1 12497.75899999
1 12876.99399999
1 12693.972
1 12087.866
1 11020.533
1 11406.957
1 11659.564
1 11760.057
1 12374.028
1 12233.755
1 11812.972
1 11416.94899999
1 11073.493
1 10797.912
1 10674.43899999
1 10583.69999999
1 10107.99599999
1 9785.36199999
1 10532.971
1 11521.289
1 11989.053
1 12310.735
1 12353.643
1 12170.138
1 12573.034
1 12921.515
1 12806.16999999
1 12338.418
1 11183.574
1 11509.249
1 11771.984
1 11814.702
1 12538.877
1 12517.98999999
1 12124.69
1 11607.051
1 11196.509
1 10903.69899999
1 10704.258
1 10605.955
1 10162.944
1 9792.892
1 10441.801
1 11453.03
1 12085.259
1 12573.124
1 12482.286
1 12252.581
1 12570.312
1 12809.32
1 12793.001
1 12367.923
1 11325.121
1 11704.262
1 11885.548
1 11908.643
1 12550.297
1 12482.423
1 12117.543
1 11684.338
1 11373.46
1 11133.638
1 10974.123
1 10846.53099999
1 10370.856
1 10020.052
1 10781.48
1 11812.496
1 12231.824
1 12521.142
1 12534.06
1 12220.384
1 12653.399
1 12935.78
1 12775.286
1 12321.653
1 11203.798
1 11559.257
1 11697.847
1 11690.944
1 12379.561
1 12359.04
1 12039.94899999
1 11511.16499999
1 11118.57
1 10870.591
1 10728.339
1 10622.65499999
1 10312.763
1 9919.389
1 10755.58499999
1 11700.552
1 12184.948
1 12382.482
1 12381.052
1 12070.701
1 12444.97399999
1 12718.873
1 12486.565
1 11844.034
1 10944.67
1 11513.11799999
1 11743.1
1 11714.608
1 12355.574
1 12308.004
1 12052.32999999
1 11632.283
1 11284.407
1 11050.991
1 10917.172
1 10804.17499999
1 10315.464
1 9656.123
1 10034.781
1 10607.453
1 10875.09399999
1 11023.616
1 10918.687
1 10776.47699999
1 10785.906
1 10743.783
1 10634.527
1 10421.06799999
1 10413.40599999
1 11741.474
1 11909.712
1 11746.789
1 11736.765
1 11465.65
1 11268.044
1 10916.67
1 10660.343
1 10578.147
1 10424.06399999
1 10222.54299999
1 9685.35299999
1 8935.499
1 8987.772
1 9189.92399999
1 9172.32699999
1 9179.124
1 9277.272
1 9356.74599999
1 9564.408
1 9685.51199999
1 9677.064
1 9629.695
1 9793.749
1 11296.15199999
1 11482.773
1 11479.861
1 11661.47499999
1 11723.52
1 11437.915
1 11011.871
1 10708.15699999
1 10515.995
1 10389.527
1 10290.614
1 9860.66899999
1 9598.377
1 10543.54899999
1 11644.513
1 12140.25
1 12481.623
1 12438.42
1 12160.99399999
1 12574.105
1 12859.476
1 12698.328
1 12186.696
1 11181.432
1 11580.731
1 11794.908
1 11823.915
1 12443.75
1 12403.234
1 12046.075
1 11652.09099999
1 11303.161
1 10927.96999999
1 10713.842
1 10618.361
1 10223.08599999
1 9835.24299999
1 10740.301
1 11896.221
1 12382.339
1 12732.327
1 12718.656
1 12431.648
1 12875.844
1 13107.817
1 12918.757
1 12376.97599999
1 11317.146
1 11746.567
1 11841.699
1 11876.696
1 12469.528
1 12481.90399999
1 12110.664
1 11637.322
1 11316.373
1 10982.039
1 10752.342
1 10726.49599999
1 10363.543
1 9971.72
1 10854.37199999
1 11791.073
1 12208.346
1 12453.231
1 12461.221
1 12273.016
1 12698.17199999
1 12943.035
1 12875.728
1 12345.585
1 11301.276
1 11780.216
1 11858.697
1 11871.052
1 12510.849
1 12435.567
1 12086.508
1 11624.544
