10411.13699999
10059.778
9883.909
9786.41199999
9709.82499999
9165.33399999
9068.739
9894.486
10698.22699999
11046.76299999
11274.892
11196.538
10971.079
11395.293
11655.082
11605.078
11325.08699999
10912.95999999
10856.852
10975.73699999
10907.21899999
11443.20299999
11345.32199999
10972.56199999
10532.43
10176.07599999
9909.20399999
9804.687
9764.393
9199.11799999
9141.466
9878.05299999
10654.10399999
10980.301
11194.671
11090.20699999
10809.607
11214.971
11526.339
11443.132
11175.901
10761.726
10946.95199999
10773.68
10731.31
11314.50999999
11239.79399999
10872.83599999
10425.87999999
10056.802
9840.55699999
9714.31
9653.481
9147.49
9056.444
9708.04
10492.29799999
10848.558
11052.997
10982.61999999
10762.00799999
11136.829
11362.26499999
11354.99899999
11147.955
10813.75099999
11112.562
10889.30899999
10797.509
11402.323
11355.70899999
11007.734
10545.59999999
10244.35899999
10007.976
9853.083
9806.598
9227.205
9159.232
9841.026
10698.119
11099.452
11271.97699999
11179.603
10946.50799999
11312.692
11544.562
11442.953
11073.796
10814.74499999
11002.98899999
10832.455
10757.91599999
11328.155
11320.60699999
10998.69999999
10631.578
10305.77099999
10094.77299999
9877.271
9795.579
9153.81599999
8885.323
9200.37999999
9657.45
9924.51399999
10054.89699999
9983.74199999
9810.757
9807.32699999
9859.57499999
9816.958
9737.299
10306.08999999
11370.675
11269.488
11094.823
11048.157
10878.27899999
10519.57799999
10149.216
9864.44299999
9629.633
9463.343
9354.23499999
8585.54
8221.915
8178.524
8242.259
8358.19299999
8463.65
8557.66499999
8684.98799999
8726.098
8833.40699999
8913.47699999
8959.364
9646.55699999
10765.64499999
10658.95
10600.84599999
10686.32599999
10662.045
10378.881
10010.672
9756.713
9557.315
9415.671
9341.14899999
8858.312
8947.589
9746.55199999
10566.33499999
11037.17799999
11264.785
11232.708
10996.56499999
11382.35199999
11661.83
11679.52999999
11418.151
10936.346
11138.431
10921.54899999
10880.476
11432.49599999
11396.81899999
11029.447
10582.017
10284.038
10048.272
9870.21399999
9761.36199999
9187.48499999
9151.772
9991.37399999
10842.633
11200.641
11398.09
11296.175
11009.405
11406.31599999
11703.91699999
11669.665
11377.415
10879.37999999
11128.43299999
10966.72499999
10927.41599999
11531.711
11468.446
11058.198
10629.94099999
10315.90699999
10056.68899999
9907.36099999
9836.954
9240.768
9262.66899999
10041.86099999
10891.087
11219.22599999
11462.282
11339.41399999
11072.97799999
11524.773
11855.114
11797.55
11475.01999999
11031.27699999
11281.025
11074.694
11004.195
11579.171
11549.943
11131.84199999
10673.71699999
10356.381
10156.96699999
10061.94599999
9974.02699999
9324.51099999
9325.994
10122.968
10981.823
11378.773
11593.976
11441.347
11161.307
11544.828
11822.05999999
11838.25899999
11557.718
11100.22099999
11299.092
11121.432
11044.61599999
11611.252
11575.87
11157.254
10692.894
10389.324
10149.60499999
10023.893
9960.642
9399.694
9369.312
10116.02799999
10940.467
11318.235
11374.322
11471.995
11197.409
11580.13599999
11822.884
11726.785
11209.624
10952.48
11217.68999999
11041.35099999
10885.91599999
11444.266
11429.968
11114.56599999
10680.204
10354.72299999
10146.13099999
10061.16499999
9956.538
9157.968
8869.18899999
8969.26
9104.467
9196.506
9210.73299999
9235.85899999
9229.195
9250.508
9287.92499999
9304.36699999
9276.007
9879.59299999
10908.669
10830.20199999
10734.091
10761.50499999
10697.95899999
10354.05699999
10064.88799999
9790.433
9535.10499999
9400.60299999
9260.293
8559.62999999
8324.45899999
8262.53299999
8310.48699999
8473.88499999
8566.875
8580.756
8574.32999999
8707.67
8699.40699999
8739.774
8853.36299999
9539.218
10648.099
10545.042
10489.94
10605.342
10555.687
10238.437
9901.223
9632.36299999
9420.703
9376.834
9330.981
8840.206
8897.418
9761.88399999
10581.75099999
10939.592
11184.72499999
11205.786
11030.344
11460.97
11750.732
11649.97599999
11434.61699999
10911.736
11127.878
10907.614
10842.54599999
11477.014
11480.676
11074.84899999
10637.793
10371.82499999
10128.26499999
9978.49699999
9939.32
9227.033
9205.11299999
9974.868
10813.704
11126.84999999
11334.203
11330.568
11098.81299999
11571.22599999
11890.499
11840.829
11513.503
11007.641
11208.707
11075.999
11028.852
11689.58
11690.28999999
11289.28399999
10814.49599999
10487.562
10217.536
10085.39099999
10083.051
9423.91299999
9493.022
10303.008
11103.06299999
11425.32599999
11629.134
11535.26699999
11234.839
11656.272
12000.46699999
11939.604
11596.57999999
11099.29
11297.063
11139.773
11117.862
11723.24299999
11737.945
11355.25499999
10872.994
10531.89399999
10273.616
10154.79899999
10062.043
9423.651
9453.25899999
10183.95799999
11059.548
11404.649
11593.1
11457.641
11239.569
11647.974
12000.632
11962.793
11671.702
11117.69699999
11370.426
11212.82599999
11148.208
11761.372
11766.048
11356.858
10875.395
10519.31899999
10313.73299999
10149.561
10036.168
9425.348
9465.45199999
10213.76099999
11015.57799999
11382.214
11544.981
11449.884
11218.653
11639.66
11867.332
11792.499
11396.41999999
10934.21999999
11214.096
11078.332
10931.436
11532.89399999
11540.36999999
11179.322
10823.785
10520.17
10323.44099999
10136.10299999
9984.756
9263.296
9124.748
9518.42799999
9944.765
10272.908
10500.07599999
10466.73799999
10379.846
10459.169
10494.411
10410.332
10294.59299999
10804.02999999
11819.932
11604.136
11413.24
11411.391
11218.98199999
11001.886
10677.864
10386.777
10164.88899999
10003.075
9857.856
9003.089
8735.533
8751.94299999
8914.95899999
8988.784
9130.287
9253.669
9260.065
9325.94699999
9404.29099999
9446.34099999
9512.01399999
10175.101
11266.295
11206.676
11147.851
11280.31599999
11270.49399999
10965.348
10582.82499999
10311.296
10083.761
9921.48499999
9903.01299999
9318.518
9402.007
10191.39699999
11100.267
11508.773
11714.473
11606.319
11381.40399999
11769.51699999
12018.23699999
11986.63699999
11630.698
11203.419
11383.162
11189.24
11183.93099999
11868.604
11883.291
11517.273
11091.81
10795.383
10601.16499999
10477.911
10400.437
9669.45
9661.624
10484.823
11369.035
11769.944
12010.762
11976.646
11717.979
12100.232
12428.23299999
12311.764
11853.73699999
11351.458
11578.342
11367.04
11193.517
11855.45
11834.92399999
11457.93899999
11023.672
10729.339
10528.86299999
10334.511
10215.274
9498.17399999
9549.097
10370.463
11353.232
11786.047
12004.605
11915.766
11664.909
12123.239
12359.65199999
12304.161
11980.907
11482.02799999
11704.9
11521.39999999
11423.41499999
11997.07699999
11963.78999999
11551.6
11070.83899999
10716.549
10467.70199999
10293.272
10134.302
9529.249
9587.82899999
10299.08699999
11169.312
11517.76399999
11764.18899999
11681.455
11464.566
11927.39
12267.556
12248.684
11887.402
11332.66399999
11584.95699999
11375.111
11375.16199999
11913.16499999
11843.159
11519.31299999
11055.07299999
10695.74399999
10498.18399999
10322.856
10182.484
9485.329
9542.56699999
10253.72699999
11134.451
11564.608
11850.953
11733.434
11504.75099999
11932.167
12289.499
12219.715
11736.025
11168.422
11454.43599999
11246.78699999
11129.59599999
11700.953
11696.04199999
11414.025
11081.21499999
10750.40299999
10486.20899999
10364.26099999
10256.02099999
9435.29099999
9309.66399999
9642.482
10186.50799999
10433.74
10527.45599999
10448.83799999
10316.28399999
10473.235
10550.267
10528.386
10336.07299999
10778.18399999
11821.082
11636.238
11458.076
11467.56699999
11382.998
11156.21699999
10837.856
10600.78599999
10362.374
10122.06799999
9918.40699999
9111.917
8892.30399999
8901.355
8930.78099999
8981.837
8988.484
9032.62899999
9090.39499999
9185.99599999
9340.77099999
9365.54999999
9373.658
9935.31299999
11070.266
11005.855
10988.74
11129.017
11172.674
10910.203
10549.20899999
10204.71099999
9996.819
9893.71699999
9785.735
9143.445
9288.03599999
10116.967
10911.199
11222.10699999
11444.157
11439.705
11205.54599999
11575.498
11920.96599999
11867.16299999
11588.334
11147.66499999
11389.819
11292.415
11238.281
11845.38899999
11873.22
11556.00099999
11091.099
10759.382
10491.88499999
10393.499
10270.07899999
9502.88699999
9626.11799999
10688.899
11453.89099999
11738.249
12022.641
11974.79699999
11613.74899999
12026.62099999
12310.07
12253.474
11907.098
11333.663
11550.025
11392.604
11358.499
11964.51299999
11937.061
11631.857
11174.219
10865.75399999
10603.86899999
10479.783
10333.185
9594.772
9668.539
10462.251
11352.346
11725.696
11953.399
11881.438
11677.54
12106.124
12400.82
12383.043
11971.363
11399.95599999
11660.308
11524.78999999
11496.347
12122.71699999
12137.686
11762.09
11336.497
