0 55471.66599998
1 55350.19299999
2 55048.93199999
3 54134.31499998
4 53331.816
5 52601.53299998
6 49813.65999997
7 48101.37699999
8 48973.288
9 50353.212
10 51410.51999998
11 52175.56599998
12 52203.82899999
13 51861.89399999
14 52016.48699998
15 52437.86599999
16 53132.37999999
17 53651.95699999
18 54568.964
19 57669.51199998
20 63625.68299998
21 65629.04899999
22 65704.24299998
23 64126.79599999
24 61146.64799999
25 58511.47499999
26 56585.28499998
27 55339.776
28 54972.07499998
29 55472.35999999
30 55605.21499998
31 57399.52099999
32 62542.47799998
33 66665.74999999
34 69213.91799998
35 70578.81299999
36 71056.057
37 72933.89099997
38 74451.74099999
39 74969.96099999
40 74683.86599998
41 72230.72
42 68069.47499997
43 67644.41299999
44 72506.81699998
45 74536.91599998
46 75365.77399998
47 73420.094
48 69936.12999999
49 66563.30199999
50 64188.32199998
51 62637.251
52 61843.14999998
53 61991.749
54 61397.913
55 62958.57099999
56 67893.221
57 71648.23699998
58 73958.69699998
59 74930.24899997
60 74616.706
61 76365.06199999
62 78159.673
63 78708.46899999
64 78033.58799998
65 74794.54499999
66 70239.57899999
67 69999.64199999
68 73787.48299999
69 74857.97099998
70 75281.29099998
71 73172.36099998
72 69762.20299999
73 66361.419
74 64342.77499999
75 62970.75399998
76 62325.59099999
77 62658.98599999
78 62661.582
79 63998.767
80 68257.61399998
81 71979.27199998
82 74139.20899999
83 74875.666
84 74360.58199999
85 75824.03299997
86 76793.98199999
87 76738.295
88 75492.68599998
89 73007.111
90 69602.48999999
91 69283.91099999
92 72409.24099998
93 72586.68499999
94 72805.34499998
95 70978.48999999
96 68108.65999999
97 65044.874
98 62618.189
99 61059.62799999
100 60233.65199997
101 59942.43099998
102 59061.926
103 58485.98399997
104 60470.86599999
105 62726.17899999
106 64105.57799998
107 64605.98999999
108 64108.01599997
109 63892.41699999
110 64003.30499998
111 63886.93099999
112 63890.82999997
113 63685.75299997
114 63873.61499999
115 66468.48999999
116 70488.92299999
117 70201.53999999
118 68208.507
119 65663.52599998
120 62986.64899999
121 60370.51
122 58183.01
123 56781.46799998
124 55814.74299999
125 55203.84399999
126 53200.23199999
127 51699.84599999
128 52878.94099999
129 54590.56499999
130 56172.84399997
131 57233.82299998
132 57574.09499998
133 57558.45199997
134 57904.69499998
135 58574.46699998
136 59051.79199998
137 60033.80999998
138 61121.79199997
139 63664.00399998
140 68821.408
141 70140.47699998
142 69900.552
143 68019.74099998
144 64994.96299998
145 62285.16599998
146 60261.86599998
147 59007.26599998
148 58524.40699998
149 59335.49899997
150 60167.84099998
151 62839.87799999
152 68687.43499998
153 73189.59199999
154 75966.81999998
155 76864.35399998
156 76024.11599998
157 78084.78099999
158 79807.544
159 80053.969
160 79155.79699999
161 75396.78099997
162 70568.17699997
163 69479.522
164 74430.96999999
165 76505.26699998
166 77115.96099999
167 74734.74199999
168 70489.50699998
169 66819.30299998
170 64334.55399999
171 62835.521
172 62317.31399997
173 62979.96199998
174 63333.00199996
175 65899.47199998
176 71464.645
177 75518.75
178 78143.53999998
179 78623.40699999
180 77734.83399999
181 80124.10499999
182 82113.24799997
183 82264.13699999
184 80865.12999998
185 77006.91799999
186 71925.924
187 71032.80799998
188 75039.92499999
189 76890.22599998
190 77791.58299999
191 75725.50899998
192 71531.69599997
193 67920.41499998
194 65520.883
195 64112.27399999
196 63376.749
197 63881.105
198 64233.01099999
199 66721.11299998
200 72152.725
201 76095.98099998
202 78243.91099998
203 78781.85999998
204 77755.56899999
205 80195.818
206 82224.645
207 82953.61999997
208 82251.39099999
209 78141.94799997
210 72684.61199998
211 71315.02599999
212 75974.80699999
213 77785.30399998
214 78619.92799999
215 76407.904
216 72418.16099999
217 68763.98899998
218 66382.04599998
219 64847.25299999
220 64081.13399997
221 64558.80999999
222 65040.79899998
223 67724.64599998
224 73115.34199997
225 76939.95799999
226 79317.37799999
227 79563.55199998
228 78380.87499999
229 80632.84399999
230 82306.27499999
231 82572.38199999
232 81398.942
233 77620.59099998
234 72325.86499998
235 71299.09399997
236 75563.04499999
237 76905.29599998
238 77334.913
239 75239.12799998
240 71243.88999998
241 67754.03299998
242 65379.474
243 63982.00099998
244 63316.39899998
245 63884.068
246 64426.26899998
247 67180.758
248 72693.92699997
249 76597.35199999
250 79094.616
251 79502.96199999
252 78386.89099999
253 80375.72399999
254 82252.379
255 82262.68199999
256 80401.96299998
257 76449.09799999
258 71116.02099999
259 70050.62399998
260 74216.10199999
261 75333.44099998
262 75820.08199998
263 74256.63199999
264 71054.01099999
265 67933.16299999
266 65531.18299999
267 64086.14099998
268 63108.22899999
269 62802.82499998
270 61635.29799996
271 61316.97299999
272 64194.64799999
273 66872.30099999
274 68383.79399999
275 68746.89599999
276 68344.74999999
277 68182.41599998
278 68190.56099998
279 68007.34299999
280 67402.53699999
281 66885.66499998
282 66509.13799997
283 68416.32299998
284 72670.03499998
285 72622.58999998
286 70713.87699998
287 68747.03799997
288 66065.27999998
289 63407.00599999
290 61165.29499999
291 59319.72799997
292 58098.52799999
293 57353.37599998
294 55428.59299999
295 53882.58099998
296 55262.798
297 56403.90699998
298 57718.53499998
299 58891.51099999
300 58944.39499998
301 59406.24299999
302 60082.22499998
303 60676.42099999
304 61081.56799998
305 61832.975
306 62495.51499999
307 64760.49599997
308 70207.43499997
309 71609.29699997
310 71698.27899999
311 70199.35699998
312 67404.86899999
313 64711.06599999
314 62709.58799998
315 61411.36899999
316 61018.95299998
317 61901.41499998
318 63059.506
319 65888.047
320 71966.72799998
321 76495.907
322 79185.10499997
323 80036.50299997
324 79177.56799998
325 81714.92699968
326 83637.32299754
327 84117.42299999
328 83218.70799877
329 78721.64900547
330 73001.74400549
331 71586.34200241
332 76365.68499511
333 78273.05600488
334 79080.1019945
335 76573.72100731
336 72684.64801233
337 69101.36001022
338 66680.19298593
339 65121.9689971
340 64463.37300608
341 65088.6060015
342 65844.00098975
343 68285.69600394
344 73666.37499999
345 77567.85399632
346 80029.80800854
347 80568.16899633
348 79793.63301464
349 82664.02398779
350 84917.88099266
351 85438.47799267
352 84455.96498655
353 79923.05499388
354 74319.78199631
355 72780.66100609
356 77334.50901219
357 79135.54201341
358 79850.61400853
359 77762.84501463
360 74052.48800961
361 70554.4880148
362 68060.37398809
363 66393.46801357
364 65845.58601234
365 66324.4789977
366 67279.21199814
367 69545.12600304
368 75253.10800975
369 79481.96198535
370 82040.05199998
371 82746.95499022
372 81870.1900122
373 84437.31501218
374 86483.53599877
375 87103.03699023
376 86117.78899754
377 81097.90000121
378 75095.03100608
379 73486.80699022
380 76884.38398898
381 78814.51800365
382 80292.4660073
383 78475.38499387
384 74702.65300181
385 71242.72800488
386 68687.20200548
387 67302.47600425
388 66496.37300181
389 66773.11200608
390 67352.25800732
391 69350.30099266
392 74988.84999694
393 79131.40999999
394 81552.65799754
395 81700.09600591
396 80740.16200119
397 83542.10899999
398 85307.22500975
399 85630.93100487
400 84493.83999999
401 80038.11001098
402 74285.52701195
403 72916.40499481
404 77000.08200043
405 78335.17001631
406 79392.17099205
407 77711.79000457
408 74147.64899541
409 70797.51301143
410 68206.13998733
411 66650.01799196
412 66000.5329951
413 66673.70900731
414 67478.16998535
415 69831.12400196
416 75295.50799816
417 79061.94400121
418 81400.80599908
419 81744.67099952
420 80878.66699952
421 83132.20999999
422 84717.8540006
423 84836.45700792
424 82811.5650148
425 78362.39398672
426 73130.52698962
427 72084.3150015
428 75868.77998671
429 76694.13699434
430 77221.25700488
431 75371.48399815
432 72369.10800014
433 69311.55600044
434 66849.5339983
435 65173.89399876
436 64204.49400136
437 63907.81199969
438 62993.70199967
439 62289.46300061
440 65071.13999966
441 67735.67699876
442 69354.70700043
443 69881.87799829
444 69410.79399999
445 69203.98500136
446 69381.41699968
447 69310.59900013
448 68830.04500014
449 68154.82200182
450 67822.23100135
451 69297.95799921
452 73617.73699987
453 73798.092
454 72102.95499998
455 70257.73899815
456 67596.65899875
457 64970.97300014
458 62754.19899937
459 60924.06799982
460 59306.50400027
461 58914.33199815
462 57179.45600074
463 55153.14100151
464 56179.59300106
465 57615.19099968
466 58958.55399874
467 59996.45499921
468 60293.25000044
469 60536.8799983
470 60977.20499999
471 61287.00699999
472 61454.05600165
473 62323.71400167
474 62955.07900165
475 65659.5799986
476 70400.03399999
477 71980.40199999
478 72003.48599999
479 70381.10999846
480 67598.11400166
481 64908.77300089
482 63048.7250006
483 62046.70299982
484 61725.87299862
485 62685.18800074
486 64384.11700074
487 67025.69500045
488 73082.84199998
489 77736.52599999
490 80538.86699998
491 81138.37299998
492 80308.90599998
493 82795.57799999
494 85015.57999998
495 85793.52799998
496 84829.78899999
497 80314.73399998
498 74280.073
499 72621.33699997
500 77276.20299998
501 79700.60899998
502 80957.84799998
503 78903.32999998
504 74939.48300166
505 71614.7180006
506 69005.19800152
507 67415.81299982
508 66733.24600134
509 67138.33400043
510 68011.83500089
511 70307.8179983
512 76373.00599999
513 80629.27399999
514 83070.98399998
515 83465.91699999
516 82462.856
517 85310.363
518 87087.52399999
519 87426.08199999
520 86250.74199999
521 81813.55699998
522 75744.283
523 73913.11699999
524 78393.99599998
525 80813.85799999
526 82170.51
527 80461.44500002
528 76527.4499996
529 72815.34499799
530 70276.35300395
531 68695.62399724
532 68020.83200151
533 68640.96400791
534 69449.76399847
535 71653.04199419
536 77118.38499978
537 81725.77099999
538 84310.395
539 84679.22499998
540 83564.91199998
541 86330.93899988
542 88563.20000151
543 88901.14398975
544 87788.81099891
545 82740.21900009
546 76268.49999999
547 74457.40299999
548 79135.64999998
549 81037.20699999
550 82423.23599998
551 80307.62099996
552 76383.46099998
553 72843.72399998
554 70302.88499997
555 68692.33899999
556 67952.62199998
557 68539.87099998
558 69415.12099998
559 71326.77899997
560 76914.727
561 81095.63099997
562 83391.11999998
563 83607.06399997
564 82513.09599999
565 84869.92800142
566 86768.52600976
567 86980.99299891
568 85296.40899999
569 80638.55899999
570 74617.741
571 73209.63099998
572 77452.479
573 79354.35799999
574 80563.83699998
575 78839.75099998
576 74956.59399999
577 71177.98499999
578 68729.70399998
579 67248.51999999
580 66596.791
581 66885.802
582 67863.42099998
583 68925.46399998
584 74314.37699997
585 78256.83699999
586 80597.31399998
587 80917.70799999
588 79810.072
589 81807.16299998
590 83570.18499998
591 83586.53599998
592 81195.95899999
593 76795.74699998
594 71784.26899998
595 70710.08699998
596 73381.416
597 74490.35899998
598 74888.598
599 73216.80899827
600 70233.09800182
601 66968.36600684
602 64640.94299801
603 63204.22300244
604 62206.45299266
605 61995.02400243
606 61303.92499908
607 60637.19800151
608 63398.56200564
609 66103.19400686
610 67855.27800089
611 68299.29799388
612 67964.5929922
613 67968.93099816
614 68226.32799526
615 68017.57399176
616 67582.08099861
617 67056.27999982
618 66813.8869919
619 68926.96700119
620 73070.51199987
621 73101.394
622 70618.6870006
623 68491.06299449
624 65812.19499342
625 62979.19700227
626 60625.29500501
627 59113.11699693
628 57967.31799816
629 57235.85700578
630 55678.46499327
631 53623.38399464
632 54745.9779925
633 56093.94300287
634 57454.91699541
635 58412.69100365
636 58697.22299433
637 58915.13399618
638 59181.40199373
639 59835.90100243
640 60634.27600273
641 61629.62699465
642 62263.23499892
643 64434.17700594
644 69828.18699998
645 71309.00500006
646 71753.92199758
647 70017.95400701
648 67001.21099999
649 63992.79499998
650 62183.26999999
651 61085.61299999
652 60535.56599999
653 61604.93899999
654 63657.10299999
655 66381.21099999
656 72719.15099998
657 77287.85599999
658 80132.555
659 80842.51199999
660 79750.31699999
661 82190.15099997
662 84449.66899999
663 85189.298
664 84482.85899997
665 79942.97299999
666 73937.62999998
667 72376.29199998
668 77707.19199998
669 80702.81499999
670 81790.18599997
671 79419.571
672 74946.46199144
673 71191.99399143
674 68576.0899951
675 66965.22701219
676 66157.39099266
677 66685.39901341
678 67879.53699267
679 70000.78199389
680 76197.45499953
681 80682.88499999
682 83813.30799999
683 84513.75099999
684 83241.79100106
685 86146.36200273
686 88088.15599998
687 88188.13998474
688 86856.24300007
689 81919.146
690 75484.35799999
691 73777.15799999
692 79023.20299997
693 81880.35799999
694 83007.642
695 80806.68200068
696 76495.11399998
697 72781.533
698 70143.98599998
699 68439.98399999
700 67791.96999999
701 68235.52499999
702 69321.10699998
703 71069.59899999
704 77050.41799999
705 81745.06299999
706 84448.895
707 85502.48699999
708 84296.50399999
709 87340.132
710 89716.86999999
711 90121.49299998
712 88860.841
713 83387.615
714 76953.21399999
715 74833.40399999
716 80012.82999999
717 82427.14
718 83990.24599998
719 82021.167
720 78106.31399754
