0 10000.000000  0.000000  0.000000  0.000000
1 20059.778000  0.000000  0.000000  0.000000
2 19883.909000  0.000000  0.000000  0.000000
3 19786.412000  0.000000  0.000000  0.000000
4 19709.825000  0.000000  0.000000  0.000000
5 19165.334000  0.000000  0.000000  0.000000
6 19068.739000  0.000000  0.000000  0.000000
7 19894.486000  0.000000  0.000000  0.000000
8 20698.227000  0.000000  0.000000  0.000000
9 21046.763000  0.000000  0.000000  0.000000
10 21274.892000  0.000000  0.000000  0.000000
11 21196.538000  0.000000  0.000000  0.000000
12 20971.079000  0.000000  0.000000  0.000000
13 21395.293000  0.000000  0.000000  0.000000
14 21655.082000  0.000000  0.000000  0.000000
15 21605.078000  0.000000  0.000000  0.000000
16 21325.087000  0.000000  0.000000  0.000000
17 20912.960000  0.000000  0.000000  0.000000
18 20856.852000  0.000000  0.000000  0.000000
19 20975.737000  0.000000  0.000000  0.000000
20 20907.219000  0.000000  0.000000  0.000000
21 21443.203000  0.000000  0.000000  0.000000
22 21345.322000  0.000000  0.000000  0.000000
23 20972.562000  0.000000  0.000000  0.000000
24 20532.430000  0.000000  0.000000  0.000000
25 20176.076000  0.000000  0.000000  0.000000
26 19909.204000  0.000000  0.000000  0.000000
27 19804.687000  0.000000  0.000000  0.000000
28 19764.393000  0.000000  0.000000  0.000000
29 19199.118000  0.000000  0.000000  0.000000
30 19141.466000  0.000000  0.000000  0.000000
31 19878.053000  0.000000  0.000000  0.000000
32 20654.104000  0.000000  0.000000  0.000000
33 20980.301000  0.000000  0.000000  0.000000
34 21194.671000  0.000000  0.000000  0.000000
35 21090.207000  0.000000  0.000000  0.000000
36 20809.607000  0.000000  0.000000  0.000000
37 21214.971000  0.000000  0.000000  0.000000
38 21526.339000  0.000000  0.000000  0.000000
39 21443.132000  0.000000  0.000000  0.000000
40 21175.901000  0.000000  0.000000  0.000000
41 20761.726000  0.000000  0.000000  0.000000
42 20946.952000  0.000000  0.000000  0.000000
43 20773.680000  0.000000  0.000000  0.000000
44 20731.310000  0.000000  0.000000  0.000000
45 21314.510000  0.000000  0.000000  0.000000
46 21239.794000  0.000000  0.000000  0.000000
47 20872.836000  0.000000  0.000000  0.000000
48 20425.880000  0.000000  0.000000  0.000000
49 20056.802000  0.000000  0.000000  0.000000
