12096.147 6545.454545 
11628.977 6545.454545 
11293.882 32727.272727 
11018.437 26181.818182 
10869.141 36000.000000 
10770.25399999 0.000000 
10310.454 26181.818182 
9950.091 36000.000000 
10686.59299999 19636.363636 
11608.115 6545.454545 
11921.57599999 0.000000 
12148.764 0.000000 
12127.445 32727.272727 
11901.056 0.000000 
12312.81 19636.363636 
12536.57699999 36000.000000 
12354.357 36000.000000 
11885.732 26181.818182 
10850.552 6545.454545 
11160.98999999 13090.909091 
11443.63 0.000000 
11362.766 36000.000000 
11958.234 32727.272727 
12055.18899999 0.000000 
11791.04 36000.000000 
11406.28799999 19636.363636 
11137.048 0.000000 
10895.207 19636.363636 
10756.83499999 36000.000000 
10629.49599999 6545.454545 
10085.947 32727.272727 
9639.547 32727.272727 
9898.61799999 19636.363636 
10361.38 36000.000000 
10500.85399999 6545.454545 
10545.43199999 32727.272727 
10543.014 6545.454545 
10519.26399999 0.000000 
10635.335 0.000000 
10710.631 13090.909091 
10633.00999999 36000.000000 
10340.913 26181.818182 
10124.52 36000.000000 
11327.82999999 19636.363636 
11728.477 13090.909091 
11569.45 0.000000 
11558.594 26181.818182 
11512.192 0.000000 
11386.905 0.000000 
11134.662 0.000000 
10898.84499999 0.000000 
10634.535 32727.272727 
10408.07799999 0.000000 
10302.322 26181.818182 
9741.972 0.000000 
9109.59799999 19636.363636 
9130.385 36000.000000 
9316.86 36000.000000 
9437.28599999 36000.000000 
9456.428 13090.909091 
9560.235 6545.454545 
9575.088 32727.272727 
9640.679 19636.363636 
9650.26399999 32727.272727 
9635.385 36000.000000 
9609.81799999 13090.909091 
9740.649 19636.363636 
11067.005 0.000000 
11464.883 13090.909091 
11487.091 6545.454545 
11650.489 6545.454545 
11653.868 6545.454545 
11305.178 19636.363636 
10944.697 0.000000 
10673.762 6545.454545 
10461.06 0.000000 
10354.894 0.000000 
10246.309 13090.909091 
9918.06799999 19636.363636 
9723.58499999 0.000000 
10636.33399999 26181.818182 
11735.645 0.000000 
12224.303 32727.272727 
12455.904 19636.363636 
12369.652 26181.818182 
12134.648 36000.000000 
12545.619 36000.000000 
12810.91 36000.000000 
12663.722 13090.909091 
12181.133 19636.363636 
11137.956 32727.272727 
11346.973 36000.000000 
11623.838 0.000000 
11638.576 6545.454545 
12448.701 19636.363636 
12469.753 26181.818182 
12132.47599999 0.000000 
11782.775 36000.000000 
11477.123 19636.363636 
11201.145 13090.909091 
11046.256 19636.363636 
10968.58099999 36000.000000 
10492.269 32727.272727 
10143.127 6545.454545 
10991.565 36000.000000 
12037.841 32727.272727 
12411.843 19636.363636 
12694.482 6545.454545 
12627.339 13090.909091 
12293.58 19636.363636 
12657.14899999 19636.363636 
12868.62 0.000000 
12653.143 26181.818182 
12309.677 36000.000000 
11227.52499999 13090.909091 
11530.015 13090.909091 
11775.911 13090.909091 
11763.821 0.000000 
12470.492 32727.272727 
12493.507 6545.454545 
12188.433 19636.363636 
11666.578 0.000000 
11207.173 13090.909091 
10963.81799999 0.000000 
10796.954 26181.818182 
10662.762 26181.818182 
10302.43799999 32727.272727 
9901.192 32727.272727 
10611.02 19636.363636 
11539.405 26181.818182 
11857.912 36000.000000 
12076.848 0.000000 
12021.52799999 0.000000 
11660.192 36000.000000 
11933.09 6545.454545 
12009.553 19636.363636 
11934.488 0.000000 
11586.524 6545.454545 
10728.19299999 19636.363636 
11084.43 36000.000000 
11297.283 26181.818182 
11271.60999999 6545.454545 
11771.669 0.000000 
11670.38499999 26181.818182 
11292.601 26181.818182 
10943.775 13090.909091 
10666.306 26181.818182 
10436.002 0.000000 
10180.846 36000.000000 
10067.13899999 32727.272727 
9691.34 0.000000 
9469.542 0.000000 
10254.636 0.000000 
11252.545 36000.000000 
11683.478 19636.363636 
11905.834 26181.818182 
11901.20499999 0.000000 
11626.8 13090.909091 
12008.803 36000.000000 
12261.951 36000.000000 
12104.339 6545.454545 
11645.863 26181.818182 
10604.808 6545.454545 
11027.07 0.000000 
11175.751 6545.454545 
11117.09899999 0.000000 
11706.502 0.000000 
11699.91 0.000000 
11384.40399999 26181.818182 
10929.539 0.000000 
10566.491 6545.454545 
10255.13899999 36000.000000 
10091.50799999 36000.000000 
9991.667 13090.909091 
9595.678 26181.818182 
9271.49599999 36000.000000 
10039.768 0.000000 
11031.00999999 26181.818182 
11544.335 36000.000000 
11878.616 36000.000000 
11884.72 13090.909091 
11606.106 36000.000000 
12001.202 6545.454545 
12295.07 6545.454545 
12198.183 6545.454545 
11630.248 0.000000 
10614.752 6545.454545 
11036.745 13090.909091 
11292.302 32727.272727 
11131.02599999 13090.909091 
11748.782 36000.000000 
11713.55499999 6545.454545 
11466.865 19636.363636 
11104.384 6545.454545 
10802.658 36000.000000 
10589.697 32727.272727 
10418.306 0.000000 
10304.27699999 19636.363636 
9774.626 36000.000000 
9233.091 26181.818182 
9537.35 36000.000000 
10043.73099999 19636.363636 
10285.242 32727.272727 
10479.99599999 19636.363636 
10464.792 0.000000 
10455.32599999 32727.272727 
10492.34 36000.000000 
10462.11599999 36000.000000 
10383.484 19636.363636 
10164.421 19636.363636 
10036.819 0.000000 
11453.889 36000.000000 
11753.186 13090.909091 
11584.731 0.000000 
11567.785 36000.000000 
11407.549 32727.272727 
11162.39 0.000000 
10884.609 6545.454545 
10582.305 13090.909091 
10316.16399999 19636.363636 
10090.793 36000.000000 
9968.217 0.000000 
9391.16 6545.454545 
8703.632 19636.363636 
8770.26299999 26181.818182 
8876.55899999 32727.272727 
8952.24099999 0.000000 
8944.40499999 0.000000 
9061.359 36000.000000 
9161.963 0.000000 
9279.221 13090.909091 
9342.396 13090.909091 
9293.00899999 26181.818182 
9172.983 19636.363636 
9219.707 0.000000 
10624.774 13090.909091 
11060.471 19636.363636 
11031.253 0.000000 
11136.04499999 36000.000000 
11184.526 36000.000000 
10901.83399999 0.000000 
10567.58999999 26181.818182 
10246.649 13090.909091 
10032.158 0.000000 
9852.231 26181.818182 
9761.67399999 26181.818182 
9453.87699999 0.000000 
9212.155 36000.000000 
10062.523 6545.454545 
11191.63 13090.909091 
11711.587 36000.000000 
11963.6 0.000000 
11955.59699999 13090.909091 
11751.093 36000.000000 
12219.734 13090.909091 
12600.447 13090.909091 
12469.29 32727.272727 
12002.076 36000.000000 
10734.46999999 19636.363636 
11047.381 26181.818182 
11435.932 0.000000 
11481.16699999 36000.000000 
12117.764 13090.909091 
12095.16799999 19636.363636 
11684.026 6545.454545 
11236.338 32727.272727 
10874.50399999 19636.363636 
10669.749 0.000000 
10453.81299999 32727.272727 
10375.99 32727.272727 
10024.151 0.000000 
9611.543 0.000000 
10399.39 36000.000000 
11401.09099999 19636.363636 
11919.83599999 32727.272727 
12162.69799999 13090.909091 
12113.41099999 36000.000000 
11849.12 0.000000 
12327.319 26181.818182 
12612.404 13090.909091 
12541.713 6545.454545 
12131.10899999 0.000000 
10941.03099999 6545.454545 
11305.929 13090.909091 
11467.51099999 13090.909091 
11497.77 19636.363636 
12269.20699999 0.000000 
12393.35999999 32727.272727 
11995.264 26181.818182 
11465.174 36000.000000 
11085.211 36000.000000 
10848.899 13090.909091 
10748.15 13090.909091 
10669.447 19636.363636 
10314.02499999 26181.818182 
9838.777 0.000000 
10721.773 13090.909091 
11781.951 0.000000 
12168.723 0.000000 
12413.591 0.000000 
12244.999 13090.909091 
11888.145 32727.272727 
12161.674 13090.909091 
12401.699 6545.454545 
12344.604 13090.909091 
11997.765 36000.000000 
11169.31199999 0.000000 
11446.43 32727.272727 
11560.221 36000.000000 
11556.179 36000.000000 
12168.23999999 26181.818182 
12337.916 36000.000000 
12012.16 32727.272727 
11488.691 0.000000 
11107.012 13090.909091 
10861.736 19636.363636 
10656.325 36000.000000 
10535.172 0.000000 
10202.775 0.000000 
9850.67499999 32727.272727 
10730.366 6545.454545 
11786.082 6545.454545 
12175.576 36000.000000 
12372.446 19636.363636 
12344.29499999 32727.272727 
12071.511 36000.000000 
12532.024 36000.000000 
12781.376 36000.000000 
12636.193 32727.272727 
12208.80499999 36000.000000 
11213.144 36000.000000 
11592.13 32727.272727 
11826.107 36000.000000 
11848.882 26181.818182 
12490.279 6545.454545 
12484.441 6545.454545 
12144.04599999 0.000000 
11683.17199999 26181.818182 
11364.432 0.000000 
11175.843 6545.454545 
10991.003 32727.272727 
10888.962 36000.000000 
10510.017 19636.363636 
10123.898 26181.818182 
10976.422 0.000000 
12061.722 0.000000 
12471.68099999 36000.000000 
12719.254 36000.000000 
12634.744 26181.818182 
12282.315 26181.818182 
12577.507 6545.454545 
12844.949 32727.272727 
12640.767 26181.818182 
12118.708 0.000000 
11125.381 26181.818182 
11475.216 6545.454545 
11624.929 26181.818182 
11584.336 36000.000000 
12184.096 13090.909091 
12214.71 13090.909091 
11954.79 26181.818182 
11627.488 0.000000 
11359.745 32727.272727 
11087.28 13090.909091 
10977.25499999 36000.000000 
10831.22899999 32727.272727 
10364.276 0.000000 
9819.658 0.000000 
10094.016 36000.000000 
10564.414 32727.272727 
10768.516 19636.363636 
10897.10099999 36000.000000 
10936.644 6545.454545 
10889.073 6545.454545 
10805.75 26181.818182 
10682.418 13090.909091 
10534.613 26181.818182 
10462.218 0.000000 
10533.629 13090.909091 
11884.613 26181.818182 
12114.331 0.000000 
11980.50799999 36000.000000 
11838.108 36000.000000 
11706.194 36000.000000 
11106.689 36000.000000 
10837.45 26181.818182 
10600.322 0.000000 
10446.057 26181.818182 
10320.33299999 0.000000 
9755.287 36000.000000 
9047.99 0.000000 
9058.812 0.000000 
9140.16999999 19636.363636 
9187.712 0.000000 
9271.292 19636.363636 
9397.263 19636.363636 
9437.29 36000.000000 
9531.806 32727.272727 
9489.201 6545.454545 
9396.911 32727.272727 
9307.439 13090.909091 
9638.831 26181.818182 
11190.25 36000.000000 
11488.476 6545.454545 
11563.33199999 6545.454545 
11658.166 13090.909091 
11759.673 6545.454545 
11500.11 0.000000 
11059.11899999 0.000000 
10793.642 36000.000000 
10565.30599999 19636.363636 
10418.57999999 36000.000000 
10330.95899999 36000.000000 
9966.475 6545.454545 
9644.504 26181.818182 
10440.569 36000.000000 
11498.375 0.000000 
11952.59099999 6545.454545 
12261.062 36000.000000 
12174.697 36000.000000 
11994.43999999 36000.000000 
12497.75899999 0.000000 
12876.99399999 0.000000 
12693.972 36000.000000 
12087.866 13090.909091 
11020.533 36000.000000 
11406.957 32727.272727 
11659.564 0.000000 
11760.057 0.000000 
12374.028 0.000000 
12233.755 6545.454545 
11812.972 0.000000 
11416.94899999 36000.000000 
11073.493 0.000000 
10797.912 19636.363636 
10674.43899999 36000.000000 
10583.69999999 0.000000 
10107.99599999 36000.000000 
9785.36199999 0.000000 
10532.971 0.000000 
11521.289 19636.363636 
11989.053 6545.454545 
12310.735 0.000000 
12353.643 6545.454545 
12170.138 19636.363636 
12573.034 0.000000 
12921.515 36000.000000 
12806.16999999 19636.363636 
12338.418 26181.818182 
11183.574 32727.272727 
11509.249 13090.909091 
11771.984 36000.000000 
11814.702 36000.000000 
12538.877 36000.000000 
12517.98999999 13090.909091 
12124.69 0.000000 
11607.051 0.000000 
11196.509 32727.272727 
10903.69899999 36000.000000 
10704.258 26181.818182 
10605.955 0.000000 
10162.944 6545.454545 
9792.892 0.000000 
10441.801 26181.818182 
11453.03 36000.000000 
12085.259 26181.818182 
12573.124 26181.818182 
12482.286 36000.000000 
12252.581 36000.000000 
12570.312 6545.454545 
12809.32 0.000000 
12793.001 36000.000000 
12367.923 13090.909091 
11325.121 0.000000 
11704.262 13090.909091 
11885.548 0.000000 
11908.643 13090.909091 
12550.297 36000.000000 
12482.423 6545.454545 
12117.543 6545.454545 
11684.338 6545.454545 
11373.46 26181.818182 
11133.638 36000.000000 
10974.123 26181.818182 
10846.53099999 0.000000 
10370.856 6545.454545 
10020.052 6545.454545 
10781.48 36000.000000 
11812.496 26181.818182 
12231.824 32727.272727 
12521.142 6545.454545 
12534.06 19636.363636 
12220.384 6545.454545 
12653.399 0.000000 
12935.78 0.000000 
12775.286 0.000000 
12321.653 19636.363636 
11203.798 36000.000000 
11559.257 36000.000000 
11697.847 0.000000 
11690.944 19636.363636 
12379.561 0.000000 
12359.04 36000.000000 
12039.94899999 32727.272727 
11511.16499999 19636.363636 
11118.57 0.000000 
10870.591 36000.000000 
10728.339 26181.818182 
10622.65499999 36000.000000 
10312.763 32727.272727 
9919.389 36000.000000 
10755.58499999 6545.454545 
11700.552 32727.272727 
12184.948 6545.454545 
12382.482 36000.000000 
12381.052 0.000000 
12070.701 32727.272727 
12444.97399999 32727.272727 
12718.873 6545.454545 
12486.565 0.000000 
11844.034 13090.909091 
10944.67 0.000000 
11513.11799999 32727.272727 
11743.1 26181.818182 
11714.608 26181.818182 
12355.574 0.000000 
12308.004 13090.909091 
12052.32999999 19636.363636 
11632.283 13090.909091 
11284.407 36000.000000 
11050.991 0.000000 
10917.172 13090.909091 
10804.17499999 0.000000 
10315.464 36000.000000 
9656.123 32727.272727 
10034.781 19636.363636 
10607.453 19636.363636 
10875.09399999 13090.909091 
11023.616 36000.000000 
10918.687 6545.454545 
10776.47699999 26181.818182 
10785.906 36000.000000 
10743.783 32727.272727 
10634.527 19636.363636 
10421.06799999 0.000000 
10413.40599999 19636.363636 
11741.474 19636.363636 
11909.712 26181.818182 
11746.789 19636.363636 
11736.765 6545.454545 
11465.65 6545.454545 
11268.044 32727.272727 
10916.67 36000.000000 
10660.343 13090.909091 
10578.147 32727.272727 
10424.06399999 0.000000 
10222.54299999 36000.000000 
9685.35299999 32727.272727 
8935.499 26181.818182 
8987.772 0.000000 
9189.92399999 13090.909091 
9172.32699999 0.000000 
9179.124 19636.363636 
9277.272 32727.272727 
9356.74599999 6545.454545 
9564.408 36000.000000 
9685.51199999 32727.272727 
9677.064 32727.272727 
9629.695 36000.000000 
9793.749 0.000000 
11296.15199999 19636.363636 
11482.773 0.000000 
11479.861 19636.363636 
11661.47499999 0.000000 
11723.52 36000.000000 
11437.915 0.000000 
11011.871 26181.818182 
10708.15699999 6545.454545 
10515.995 19636.363636 
10389.527 19636.363636 
10290.614 0.000000 
9860.66899999 13090.909091 
9598.377 0.000000 
10543.54899999 6545.454545 
11644.513 19636.363636 
12140.25 36000.000000 
12481.623 0.000000 
12438.42 0.000000 
12160.99399999 6545.454545 
12574.105 0.000000 
12859.476 32727.272727 
12698.328 0.000000 
12186.696 6545.454545 
11181.432 26181.818182 
11580.731 26181.818182 
11794.908 0.000000 
11823.915 13090.909091 
12443.75 26181.818182 
12403.234 0.000000 
12046.075 36000.000000 
11652.09099999 36000.000000 
11303.161 0.000000 
10927.96999999 19636.363636 
10713.842 0.000000 
10618.361 36000.000000 
10223.08599999 36000.000000 
9835.24299999 36000.000000 
10740.301 0.000000 
11896.221 0.000000 
12382.339 0.000000 
12732.327 26181.818182 
12718.656 26181.818182 
12431.648 26181.818182 
12875.844 0.000000 
13107.817 0.000000 
12918.757 32727.272727 
12376.97599999 0.000000 
11317.146 36000.000000 
11746.567 0.000000 
11841.699 32727.272727 
11876.696 0.000000 
12469.528 13090.909091 
12481.90399999 6545.454545 
12110.664 26181.818182 
11637.322 26181.818182 
11316.373 13090.909091 
10982.039 6545.454545 
10752.342 6545.454545 
10726.49599999 36000.000000 
10363.543 26181.818182 
9971.72 0.000000 
10854.37199999 0.000000 
11791.073 19636.363636 
12208.346 19636.363636 
12453.231 0.000000 
12461.221 26181.818182 
12273.016 0.000000 
12698.17199999 0.000000 
12943.035 0.000000 
12875.728 36000.000000 
12345.585 32727.272727 
11301.276 6545.454545 
11780.216 36000.000000 
11858.697 19636.363636 
11871.052 13090.909091 
12510.849 36000.000000 
12435.567 19636.363636 
12086.508 13090.909091 
11624.544 36000.000000 
