0 45000.000000  9671.666000  800.000000  0.000000  55471.666000
1 45000.000000  9550.193000  800.000000  0.000000  55350.193000
2 45000.000000  9248.932000  800.000000  0.000000  55048.932000
3 45000.000000  8334.315000  800.000000  0.000000  54134.315000
4 45000.000000  7531.816000  800.000000  0.000000  53331.816000
5 45000.000000  6801.533000  800.000000  0.000000  52601.533000
6 45000.000000  4013.660000  800.000000  0.000000  49813.660000
7 45000.000000  2301.377000  800.000000  0.000000  48101.377000
8 45000.000000  3173.288000  800.000000  0.000000  48973.288000
9 45000.000000  4553.212000  800.000000  0.000000  50353.212000
10 45000.000000  5610.520000  800.000000  0.000000  51410.520000
11 45000.000000  6375.566000  800.000000  0.000000  52175.566000
12 45000.000000  6403.829000  800.000000  0.000000  52203.829000
13 45000.000000  6061.894000  800.000000  0.000000  51861.894000
14 45000.000000  6216.487000  800.000000  0.000000  52016.487000
15 45000.000000  6637.866000  800.000000  0.000000  52437.866000
16 45000.000000  7332.380000  800.000000  0.000000  53132.380000
17 45000.000000  7851.957000  800.000000  0.000000  53651.957000
18 45000.000000  8768.964000  800.000000  0.000000  54568.964000
19 45000.000000  11869.512000  800.000000  0.000000  57669.512000
20 45000.000000  17825.683000  800.000000  0.000000  63625.683000
21 45000.000000  19829.049000  800.000000  0.000000  65629.049000
22 45000.000000  19904.243000  800.000000  0.000000  65704.243000
23 45000.000000  18326.796000  800.000000  0.000000  64126.796000
24 45000.000000  15346.648000  800.000000  0.000000  61146.648000
25 45000.000000  12711.475000  800.000000  0.000000  58511.475000
26 45000.000000  10785.285000  800.000000  0.000000  56585.285000
27 45000.000000  9539.776000  800.000000  0.000000  55339.776000
28 45000.000000  9172.075000  800.000000  0.000000  54972.075000
29 45000.000000  9672.360000  800.000000  0.000000  55472.360000
30 45000.000000  9805.215000  800.000000  0.000000  55605.215000
31 45000.000000  11599.521000  800.000000  0.000000  57399.521000
32 45000.000000  16742.478000  800.000000  0.000000  62542.478000
33 45000.000000  20865.750000  800.000000  0.000000  66665.750000
34 45000.000000  23413.918000  800.000000  0.000000  69213.918000
35 45000.000000  24778.813000  800.000000  0.000000  70578.813000
36 45000.000000  25256.057000  800.000000  0.000000  71056.057000
37 45000.000000  27133.891000  800.000000  0.000000  72933.891000
38 45000.000000  28651.741000  800.000000  0.000000  74451.741000
39 45000.000000  29169.961000  800.000000  0.000000  74969.961000
40 45000.000000  28883.866000  800.000000  0.000000  74683.866000
41 45000.000000  26430.720000  800.000000  0.000000  72230.720000
42 45000.000000  22269.475000  800.000000  0.000000  68069.475000
43 45000.000000  21844.413000  800.000000  0.000000  67644.413000
44 45000.000000  26706.817000  800.000000  0.000000  72506.817000
45 45000.000000  28736.916000  800.000000  0.000000  74536.916000
46 45000.000000  29565.774000  800.000000  0.000000  75365.774000
47 45000.000000  27620.094000  800.000000  0.000000  73420.094000
48 45000.000000  24136.130000  800.000000  0.000000  69936.130000
49 45000.000000  20763.302000  800.000000  0.000000  66563.302000
50 45000.000000  18388.322000  800.000000  0.000000  64188.322000
51 45000.000000  16837.251000  800.000000  0.000000  62637.251000
52 45000.000000  16043.150000  800.000000  0.000000  61843.150000
53 45000.000000  16191.749000  800.000000  0.000000  61991.749000
54 45000.000000  15597.913000  800.000000  0.000000  61397.913000
55 45000.000000  17158.571000  800.000000  0.000000  62958.571000
56 45000.000000  22093.221000  800.000000  0.000000  67893.221000
57 45000.000000  25848.237000  800.000000  0.000000  71648.237000
58 45000.000000  28158.697000  800.000000  0.000000  73958.697000
59 45000.000000  29130.249000  800.000000  0.000000  74930.249000
60 45000.000000  28816.706000  800.000000  0.000000  74616.706000
61 45000.000000  30000.000000  800.000000  0.000000  75800.000000
62 45000.000000  30000.000000  800.000000  0.000000  75800.000000
63 45000.000000  30000.000000  800.000000  0.000000  75800.000000
64 45000.000000  30000.000000  800.000000  0.000000  75800.000000
65 45000.000000  28994.545000  800.000000  0.000000  74794.545000
66 45000.000000  24439.579000  800.000000  0.000000  70239.579000
67 45000.000000  24199.642000  800.000000  0.000000  69999.642000
68 45000.000000  27987.483000  800.000000  0.000000  73787.483000
69 45000.000000  29057.971000  800.000000  0.000000  74857.971000
70 45000.000000  29481.291000  800.000000  0.000000  75281.291000
71 45000.000000  27372.361000  800.000000  0.000000  73172.361000
72 45000.000000  23962.203000  800.000000  0.000000  69762.203000
73 45000.000000  20561.419000  800.000000  0.000000  66361.419000
74 45000.000000  18542.775000  800.000000  0.000000  64342.775000
75 45000.000000  17170.754000  800.000000  0.000000  62970.754000
76 45000.000000  16525.591000  800.000000  0.000000  62325.591000
77 45000.000000  16858.986000  800.000000  0.000000  62658.986000
78 45000.000000  16861.582000  800.000000  0.000000  62661.582000
79 45000.000000  18198.767000  800.000000  0.000000  63998.767000
80 45000.000000  22457.614000  800.000000  0.000000  68257.614000
81 45000.000000  26179.272000  800.000000  0.000000  71979.272000
82 45000.000000  28339.209000  800.000000  0.000000  74139.209000
83 45000.000000  29075.666000  800.000000  0.000000  74875.666000
84 45000.000000  28560.582000  800.000000  0.000000  74360.582000
85 45000.000000  30000.000000  800.000000  0.000000  75800.000000
86 45000.000000  30000.000000  800.000000  0.000000  75800.000000
87 45000.000000  30000.000000  800.000000  0.000000  75800.000000
88 45000.000000  29692.686000  800.000000  0.000000  75492.686000
89 45000.000000  27207.111000  800.000000  0.000000  73007.111000
90 45000.000000  23802.490000  800.000000  0.000000  69602.490000
91 45000.000000  23483.911000  800.000000  0.000000  69283.911000
92 45000.000000  26609.241000  800.000000  0.000000  72409.241000
93 45000.000000  26786.685000  800.000000  0.000000  72586.685000
94 45000.000000  27005.345000  800.000000  0.000000  72805.345000
95 45000.000000  25178.490000  800.000000  0.000000  70978.490000
96 45000.000000  22308.660000  800.000000  0.000000  68108.660000
97 45000.000000  19244.874000  800.000000  0.000000  65044.874000
98 45000.000000  16818.189000  800.000000  0.000000  62618.189000
99 45000.000000  15259.628000  800.000000  0.000000  61059.628000
100 45000.000000  14433.652000  800.000000  0.000000  60233.652000
101 45000.000000  14142.431000  800.000000  0.000000  59942.431000
102 45000.000000  13261.926000  800.000000  0.000000  59061.926000
103 45000.000000  12685.984000  800.000000  0.000000  58485.984000
104 45000.000000  14670.866000  800.000000  0.000000  60470.866000
105 45000.000000  16926.179000  800.000000  0.000000  62726.179000
106 45000.000000  18305.578000  800.000000  0.000000  64105.578000
107 45000.000000  18805.990000  800.000000  0.000000  64605.990000
108 45000.000000  18308.016000  800.000000  0.000000  64108.016000
109 45000.000000  18092.417000  800.000000  0.000000  63892.417000
110 45000.000000  18203.305000  800.000000  0.000000  64003.305000
111 45000.000000  18086.931000  800.000000  0.000000  63886.931000
112 45000.000000  18090.830000  800.000000  0.000000  63890.830000
113 45000.000000  17885.753000  800.000000  0.000000  63685.753000
114 45000.000000  18073.615000  800.000000  0.000000  63873.615000
115 45000.000000  20668.490000  800.000000  0.000000  66468.490000
116 45000.000000  24688.923000  800.000000  0.000000  70488.923000
117 45000.000000  24401.540000  800.000000  0.000000  70201.540000
118 45000.000000  22408.507000  800.000000  0.000000  68208.507000
119 45000.000000  19863.526000  800.000000  0.000000  65663.526000
120 45000.000000  17186.649000  800.000000  0.000000  62986.649000
121 45000.000000  14570.510000  800.000000  0.000000  60370.510000
122 45000.000000  12383.010000  800.000000  0.000000  58183.010000
123 45000.000000  10981.468000  800.000000  0.000000  56781.468000
124 45000.000000  10014.743000  800.000000  0.000000  55814.743000
125 45000.000000  9403.844000  800.000000  0.000000  55203.844000
126 45000.000000  7400.232000  800.000000  0.000000  53200.232000
127 45000.000000  5899.846000  800.000000  0.000000  51699.846000
128 45000.000000  7078.941000  800.000000  0.000000  52878.941000
129 45000.000000  8790.565000  800.000000  0.000000  54590.565000
130 45000.000000  10372.844000  800.000000  0.000000  56172.844000
131 45000.000000  11433.823000  800.000000  0.000000  57233.823000
132 45000.000000  11774.095000  800.000000  0.000000  57574.095000
133 45000.000000  11758.452000  800.000000  0.000000  57558.452000
134 45000.000000  12104.695000  800.000000  0.000000  57904.695000
135 45000.000000  12774.467000  800.000000  0.000000  58574.467000
136 45000.000000  13251.792000  800.000000  0.000000  59051.792000
137 45000.000000  14233.810000  800.000000  0.000000  60033.810000
138 45000.000000  15321.792000  800.000000  0.000000  61121.792000
139 45000.000000  17864.004000  800.000000  0.000000  63664.004000
140 45000.000000  23021.408000  800.000000  0.000000  68821.408000
141 45000.000000  24340.477000  800.000000  0.000000  70140.477000
142 45000.000000  24100.552000  800.000000  0.000000  69900.552000
143 45000.000000  22219.741000  800.000000  0.000000  68019.741000
144 45000.000000  19194.963000  800.000000  0.000000  64994.963000
145 45000.000000  16485.166000  800.000000  0.000000  62285.166000
146 45000.000000  14461.866000  800.000000  0.000000  60261.866000
147 45000.000000  13207.266000  800.000000  0.000000  59007.266000
148 45000.000000  12724.407000  800.000000  0.000000  58524.407000
149 45000.000000  13535.499000  800.000000  0.000000  59335.499000
150 45000.000000  14367.841000  800.000000  0.000000  60167.841000
151 45000.000000  17039.878000  800.000000  0.000000  62839.878000
152 45000.000000  22887.435000  800.000000  0.000000  68687.435000
153 45000.000000  27389.592000  800.000000  0.000000  73189.592000
154 45000.000000  30000.000000  800.000000  0.000000  75800.000000
155 45000.000000  30000.000000  800.000000  0.000000  75800.000000
156 45000.000000  30000.000000  800.000000  0.000000  75800.000000
157 45000.000000  30000.000000  800.000000  0.000000  75800.000000
158 45000.000000  30000.000000  800.000000  0.000000  75800.000000
159 45000.000000  30000.000000  800.000000  0.000000  75800.000000
160 45000.000000  30000.000000  800.000000  0.000000  75800.000000
161 45000.000000  29596.781000  800.000000  0.000000  75396.781000
162 45000.000000  24768.177000  800.000000  0.000000  70568.177000
163 45000.000000  23679.522000  800.000000  0.000000  69479.522000
164 45000.000000  28630.970000  800.000000  0.000000  74430.970000
165 45000.000000  30000.000000  800.000000  0.000000  75800.000000
166 45000.000000  30000.000000  800.000000  0.000000  75800.000000
167 45000.000000  28934.742000  800.000000  0.000000  74734.742000
168 45000.000000  24689.507000  800.000000  0.000000  70489.507000
169 45000.000000  21019.303000  800.000000  0.000000  66819.303000
170 45000.000000  18534.554000  800.000000  0.000000  64334.554000
171 45000.000000  17035.521000  800.000000  0.000000  62835.521000
172 45000.000000  16517.314000  800.000000  0.000000  62317.314000
173 45000.000000  17179.962000  800.000000  0.000000  62979.962000
174 45000.000000  17533.002000  800.000000  0.000000  63333.002000
175 45000.000000  20099.472000  800.000000  0.000000  65899.472000
176 45000.000000  25664.645000  800.000000  0.000000  71464.645000
177 45000.000000  29718.750000  800.000000  0.000000  75518.750000
178 45000.000000  30000.000000  800.000000  0.000000  75800.000000
179 45000.000000  30000.000000  800.000000  0.000000  75800.000000
180 45000.000000  30000.000000  800.000000  0.000000  75800.000000
181 45000.000000  30000.000000  800.000000  0.000000  75800.000000
182 45000.000000  30000.000000  800.000000  0.000000  75800.000000
183 45000.000000  30000.000000  800.000000  0.000000  75800.000000
184 45000.000000  30000.000000  800.000000  0.000000  75800.000000
185 45000.000000  30000.000000  800.000000  0.000000  75800.000000
186 45000.000000  26125.924000  800.000000  0.000000  71925.924000
187 45000.000000  25232.808000  800.000000  0.000000  71032.808000
188 45000.000000  29239.925000  800.000000  0.000000  75039.925000
189 45000.000000  30000.000000  800.000000  0.000000  75800.000000
190 45000.000000  30000.000000  800.000000  0.000000  75800.000000
191 45000.000000  29925.509000  800.000000  0.000000  75725.509000
192 45000.000000  25731.696000  800.000000  0.000000  71531.696000
193 45000.000000  22120.415000  800.000000  0.000000  67920.415000
194 45000.000000  19720.883000  800.000000  0.000000  65520.883000
195 45000.000000  18312.274000  800.000000  0.000000  64112.274000
196 45000.000000  17576.749000  800.000000  0.000000  63376.749000
197 45000.000000  18081.105000  800.000000  0.000000  63881.105000
198 45000.000000  18433.011000  800.000000  0.000000  64233.011000
199 45000.000000  20921.113000  800.000000  0.000000  66721.113000
200 45000.000000  26352.725000  800.000000  0.000000  72152.725000
201 45000.000000  30000.000000  800.000000  0.000000  75800.000000
202 45000.000000  30000.000000  800.000000  0.000000  75800.000000
203 45000.000000  30000.000000  800.000000  0.000000  75800.000000
204 45000.000000  30000.000000  800.000000  0.000000  75800.000000
205 45000.000000  30000.000000  800.000000  0.000000  75800.000000
206 45000.000000  30000.000000  800.000000  0.000000  75800.000000
207 45000.000000  30000.000000  800.000000  0.000000  75800.000000
208 45000.000000  30000.000000  800.000000  0.000000  75800.000000
209 45000.000000  30000.000000  800.000000  0.000000  75800.000000
210 45000.000000  26884.612000  800.000000  0.000000  72684.612000
211 45000.000000  25515.026000  800.000000  0.000000  71315.026000
212 45000.000000  30000.000000  800.000000  0.000000  75800.000000
213 45000.000000  30000.000000  800.000000  0.000000  75800.000000
214 45000.000000  30000.000000  800.000000  0.000000  75800.000000
215 45000.000000  30000.000000  800.000000  0.000000  75800.000000
216 45000.000000  26618.161000  800.000000  0.000000  72418.161000
217 45000.000000  22963.989000  800.000000  0.000000  68763.989000
218 45000.000000  20582.046000  800.000000  0.000000  66382.046000
219 45000.000000  19047.253000  800.000000  0.000000  64847.253000
220 45000.000000  18281.134000  800.000000  0.000000  64081.134000
221 45000.000000  18758.810000  800.000000  0.000000  64558.810000
222 45000.000000  19240.799000  800.000000  0.000000  65040.799000
223 45000.000000  21924.646000  800.000000  0.000000  67724.646000
224 45000.000000  27315.342000  800.000000  0.000000  73115.342000
225 45000.000000  30000.000000  800.000000  0.000000  75800.000000
226 45000.000000  30000.000000  800.000000  0.000000  75800.000000
227 45000.000000  30000.000000  800.000000  0.000000  75800.000000
228 45000.000000  30000.000000  800.000000  0.000000  75800.000000
229 45000.000000  30000.000000  800.000000  0.000000  75800.000000
230 45000.000000  30000.000000  800.000000  0.000000  75800.000000
231 45000.000000  30000.000000  800.000000  0.000000  75800.000000
232 45000.000000  30000.000000  800.000000  0.000000  75800.000000
233 45000.000000  30000.000000  800.000000  0.000000  75800.000000
234 45000.000000  26525.865000  800.000000  0.000000  72325.865000
235 45000.000000  25499.094000  800.000000  0.000000  71299.094000
236 45000.000000  29763.045000  800.000000  0.000000  75563.045000
237 45000.000000  30000.000000  800.000000  0.000000  75800.000000
238 45000.000000  30000.000000  800.000000  0.000000  75800.000000
239 45000.000000  29439.128000  800.000000  0.000000  75239.128000
240 45000.000000  25443.890000  800.000000  0.000000  71243.890000
241 45000.000000  21954.033000  800.000000  0.000000  67754.033000
242 45000.000000  19579.474000  800.000000  0.000000  65379.474000
243 45000.000000  18182.001000  800.000000  0.000000  63982.001000
244 45000.000000  17516.399000  800.000000  0.000000  63316.399000
245 45000.000000  18084.068000  800.000000  0.000000  63884.068000
246 45000.000000  18626.269000  800.000000  0.000000  64426.269000
247 45000.000000  21380.758000  800.000000  0.000000  67180.758000
248 45000.000000  26893.927000  800.000000  0.000000  72693.927000
249 45000.000000  30000.000000  800.000000  0.000000  75800.000000
250 45000.000000  30000.000000  800.000000  0.000000  75800.000000
251 45000.000000  30000.000000  800.000000  0.000000  75800.000000
252 45000.000000  30000.000000  800.000000  0.000000  75800.000000
253 45000.000000  30000.000000  800.000000  0.000000  75800.000000
254 45000.000000  30000.000000  800.000000  0.000000  75800.000000
255 45000.000000  30000.000000  800.000000  0.000000  75800.000000
256 45000.000000  30000.000000  800.000000  0.000000  75800.000000
257 45000.000000  30000.000000  800.000000  0.000000  75800.000000
258 45000.000000  25316.021000  800.000000  0.000000  71116.021000
259 45000.000000  24250.624000  800.000000  0.000000  70050.624000
260 45000.000000  28416.102000  800.000000  0.000000  74216.102000
261 45000.000000  29533.441000  800.000000  0.000000  75333.441000
262 45000.000000  30000.000000  800.000000  0.000000  75800.000000
263 45000.000000  28456.632000  800.000000  0.000000  74256.632000
264 45000.000000  25254.011000  800.000000  0.000000  71054.011000
265 45000.000000  22133.163000  800.000000  0.000000  67933.163000
266 45000.000000  19731.183000  800.000000  0.000000  65531.183000
267 45000.000000  18286.141000  800.000000  0.000000  64086.141000
268 45000.000000  17308.229000  800.000000  0.000000  63108.229000
269 45000.000000  17002.825000  800.000000  0.000000  62802.825000
270 45000.000000  15835.298000  800.000000  0.000000  61635.298000
271 45000.000000  15516.973000  800.000000  0.000000  61316.973000
272 45000.000000  18394.648000  800.000000  0.000000  64194.648000
273 45000.000000  21072.301000  800.000000  0.000000  66872.301000
274 45000.000000  22583.794000  800.000000  0.000000  68383.794000
275 45000.000000  22946.896000  800.000000  0.000000  68746.896000
276 45000.000000  22544.750000  800.000000  0.000000  68344.750000
277 45000.000000  22382.416000  800.000000  0.000000  68182.416000
278 45000.000000  22390.561000  800.000000  0.000000  68190.561000
279 45000.000000  22207.343000  800.000000  0.000000  68007.343000
280 45000.000000  21602.537000  800.000000  0.000000  67402.537000
281 45000.000000  21085.665000  800.000000  0.000000  66885.665000
282 45000.000000  20709.138000  800.000000  0.000000  66509.138000
283 45000.000000  22616.323000  800.000000  0.000000  68416.323000
284 45000.000000  26870.035000  800.000000  0.000000  72670.035000
285 45000.000000  26822.590000  800.000000  0.000000  72622.590000
286 45000.000000  24913.877000  800.000000  0.000000  70713.877000
287 45000.000000  22947.038000  800.000000  0.000000  68747.038000
288 45000.000000  20265.280000  800.000000  0.000000  66065.280000
289 45000.000000  17607.006000  800.000000  0.000000  63407.006000
290 45000.000000  15365.295000  800.000000  0.000000  61165.295000
291 45000.000000  13519.728000  800.000000  0.000000  59319.728000
292 45000.000000  12298.528000  800.000000  0.000000  58098.528000
293 45000.000000  11553.376000  800.000000  0.000000  57353.376000
294 45000.000000  9628.593000  800.000000  0.000000  55428.593000
295 45000.000000  8082.581000  800.000000  0.000000  53882.581000
296 45000.000000  9462.798000  800.000000  0.000000  55262.798000
297 45000.000000  10603.907000  800.000000  0.000000  56403.907000
298 45000.000000  11918.535000  800.000000  0.000000  57718.535000
299 45000.000000  13091.511000  800.000000  0.000000  58891.511000
300 45000.000000  13144.395000  800.000000  0.000000  58944.395000
301 45000.000000  13606.243000  800.000000  0.000000  59406.243000
302 45000.000000  14282.225000  800.000000  0.000000  60082.225000
303 45000.000000  14876.421000  800.000000  0.000000  60676.421000
304 45000.000000  15281.568000  800.000000  0.000000  61081.568000
305 45000.000000  16032.975000  800.000000  0.000000  61832.975000
306 45000.000000  16695.515000  800.000000  0.000000  62495.515000
307 45000.000000  18960.496000  800.000000  0.000000  64760.496000
308 45000.000000  24407.435000  800.000000  0.000000  70207.435000
309 45000.000000  25809.297000  800.000000  0.000000  71609.297000
310 45000.000000  25898.279000  800.000000  0.000000  71698.279000
311 45000.000000  24399.357000  800.000000  0.000000  70199.357000
312 45000.000000  21604.869000  800.000000  0.000000  67404.869000
313 45000.000000  18911.066000  800.000000  0.000000  64711.066000
314 45000.000000  16909.588000  800.000000  0.000000  62709.588000
315 45000.000000  15611.369000  800.000000  0.000000  61411.369000
316 45000.000000  15218.953000  800.000000  0.000000  61018.953000
317 45000.000000  16101.415000  800.000000  0.000000  61901.415000
318 45000.000000  17259.506000  800.000000  0.000000  63059.506000
319 45000.000000  20088.047000  800.000000  0.000000  65888.047000
320 45000.000000  26166.728000  800.000000  0.000000  71966.728000
321 45000.000000  30000.000000  800.000000  0.000000  75800.000000
322 45000.000000  30000.000000  800.000000  0.000000  75800.000000
323 45000.000000  30000.000000  800.000000  0.000000  75800.000000
324 45000.000000  30000.000000  800.000000  0.000000  75800.000000
325 45000.000000  30000.000000  800.000000  0.000000  75800.000000
326 45000.000000  30000.000000  800.000000  0.000000  75800.000000
327 45000.000000  30000.000000  800.000000  0.000000  75800.000000
328 45000.000000  30000.000000  800.000000  0.000000  75800.000000
329 45000.000000  30000.000000  800.000000  0.000000  75800.000000
330 45000.000000  27201.744005  800.000000  0.000000  73001.744005
331 45000.000000  25786.342002  800.000000  0.000000  71586.342002
332 45000.000000  30000.000000  800.000000  0.000000  75800.000000
333 45000.000000  30000.000000  800.000000  0.000000  75800.000000
334 45000.000000  30000.000000  800.000000  0.000000  75800.000000
335 45000.000000  30000.000000  800.000000  0.000000  75800.000000
336 45000.000000  26884.648012  800.000000  0.000000  72684.648012
337 45000.000000  23301.360010  800.000000  0.000000  69101.360010
338 45000.000000  20880.192986  800.000000  0.000000  66680.192986
339 45000.000000  19321.968997  800.000000  0.000000  65121.968997
340 45000.000000  18663.373006  800.000000  0.000000  64463.373006
341 45000.000000  19288.606001  800.000000  0.000000  65088.606001
342 45000.000000  20044.000990  800.000000  0.000000  65844.000990
343 45000.000000  22485.696004  800.000000  0.000000  68285.696004
344 45000.000000  27866.375000  800.000000  0.000000  73666.375000
345 45000.000000  30000.000000  800.000000  0.000000  75800.000000
346 45000.000000  30000.000000  800.000000  0.000000  75800.000000
347 45000.000000  30000.000000  800.000000  0.000000  75800.000000
348 45000.000000  30000.000000  800.000000  0.000000  75800.000000
349 45000.000000  30000.000000  800.000000  0.000000  75800.000000
350 45000.000000  30000.000000  800.000000  0.000000  75800.000000
351 45000.000000  30000.000000  800.000000  0.000000  75800.000000
352 45000.000000  30000.000000  800.000000  0.000000  75800.000000
353 45000.000000  30000.000000  800.000000  0.000000  75800.000000
354 45000.000000  28519.781996  800.000000  0.000000  74319.781996
355 45000.000000  26980.661006  800.000000  0.000000  72780.661006
356 45000.000000  30000.000000  800.000000  0.000000  75800.000000
357 45000.000000  30000.000000  800.000000  0.000000  75800.000000
358 45000.000000  30000.000000  800.000000  0.000000  75800.000000
359 45000.000000  30000.000000  800.000000  0.000000  75800.000000
360 45000.000000  28252.488010  800.000000  0.000000  74052.488010
361 45000.000000  24754.488015  800.000000  0.000000  70554.488015
362 45000.000000  22260.373988  800.000000  0.000000  68060.373988
363 45000.000000  20593.468014  800.000000  0.000000  66393.468014
364 45000.000000  20045.586012  800.000000  0.000000  65845.586012
365 45000.000000  20524.478998  800.000000  0.000000  66324.478998
366 45000.000000  21479.211998  800.000000  0.000000  67279.211998
367 45000.000000  23745.126003  800.000000  0.000000  69545.126003
368 45000.000000  29453.108010  800.000000  0.000000  75253.108010
369 45000.000000  30000.000000  800.000000  0.000000  75800.000000
370 45000.000000  30000.000000  800.000000  0.000000  75800.000000
371 45000.000000  30000.000000  800.000000  0.000000  75800.000000
372 45000.000000  30000.000000  800.000000  0.000000  75800.000000
373 45000.000000  30000.000000  800.000000  0.000000  75800.000000
374 45000.000000  30000.000000  800.000000  0.000000  75800.000000
375 45000.000000  30000.000000  800.000000  0.000000  75800.000000
376 45000.000000  30000.000000  800.000000  0.000000  75800.000000
377 45000.000000  30000.000000  800.000000  0.000000  75800.000000
378 45000.000000  29295.031006  800.000000  0.000000  75095.031006
379 45000.000000  27686.806990  800.000000  0.000000  73486.806990
380 45000.000000  30000.000000  800.000000  0.000000  75800.000000
381 45000.000000  30000.000000  800.000000  0.000000  75800.000000
382 45000.000000  30000.000000  800.000000  0.000000  75800.000000
383 45000.000000  30000.000000  800.000000  0.000000  75800.000000
384 45000.000000  28902.653002  800.000000  0.000000  74702.653002
385 45000.000000  25442.728005  800.000000  0.000000  71242.728005
386 45000.000000  22887.202005  800.000000  0.000000  68687.202005
387 45000.000000  21502.476004  800.000000  0.000000  67302.476004
388 45000.000000  20696.373002  800.000000  0.000000  66496.373002
389 45000.000000  20973.112006  800.000000  0.000000  66773.112006
390 45000.000000  21552.258007  800.000000  0.000000  67352.258007
391 45000.000000  23550.300993  800.000000  0.000000  69350.300993
392 45000.000000  29188.849997  800.000000  0.000000  74988.849997
393 45000.000000  30000.000000  800.000000  0.000000  75800.000000
394 45000.000000  30000.000000  800.000000  0.000000  75800.000000
395 45000.000000  30000.000000  800.000000  0.000000  75800.000000
396 45000.000000  30000.000000  800.000000  0.000000  75800.000000
397 45000.000000  30000.000000  800.000000  0.000000  75800.000000
398 45000.000000  30000.000000  800.000000  0.000000  75800.000000
399 45000.000000  30000.000000  800.000000  0.000000  75800.000000
400 45000.000000  30000.000000  800.000000  0.000000  75800.000000
401 45000.000000  30000.000000  800.000000  0.000000  75800.000000
402 45000.000000  28485.527012  800.000000  0.000000  74285.527012
403 45000.000000  27116.404995  800.000000  0.000000  72916.404995
404 45000.000000  30000.000000  800.000000  0.000000  75800.000000
405 45000.000000  30000.000000  800.000000  0.000000  75800.000000
406 45000.000000  30000.000000  800.000000  0.000000  75800.000000
407 45000.000000  30000.000000  800.000000  0.000000  75800.000000
408 45000.000000  28347.648995  800.000000  0.000000  74147.648995
409 45000.000000  24997.513011  800.000000  0.000000  70797.513011
410 45000.000000  22406.139987  800.000000  0.000000  68206.139987
411 45000.000000  20850.017992  800.000000  0.000000  66650.017992
412 45000.000000  20200.532995  800.000000  0.000000  66000.532995
413 45000.000000  20873.709007  800.000000  0.000000  66673.709007
414 45000.000000  21678.169985  800.000000  0.000000  67478.169985
415 45000.000000  24031.124002  800.000000  0.000000  69831.124002
416 45000.000000  29495.507998  800.000000  0.000000  75295.507998
417 45000.000000  30000.000000  800.000000  0.000000  75800.000000
418 45000.000000  30000.000000  800.000000  0.000000  75800.000000
419 45000.000000  30000.000000  800.000000  0.000000  75800.000000
420 45000.000000  30000.000000  800.000000  0.000000  75800.000000
421 45000.000000  30000.000000  800.000000  0.000000  75800.000000
422 45000.000000  30000.000000  800.000000  0.000000  75800.000000
423 45000.000000  30000.000000  800.000000  0.000000  75800.000000
424 45000.000000  30000.000000  800.000000  0.000000  75800.000000
425 45000.000000  30000.000000  800.000000  0.000000  75800.000000
426 45000.000000  27330.526990  800.000000  0.000000  73130.526990
427 45000.000000  26284.315001  800.000000  0.000000  72084.315001
428 45000.000000  30000.000000  800.000000  0.000000  75800.000000
429 45000.000000  30000.000000  800.000000  0.000000  75800.000000
430 45000.000000  30000.000000  800.000000  0.000000  75800.000000
431 45000.000000  29571.483998  800.000000  0.000000  75371.483998
432 45000.000000  26569.108000  800.000000  0.000000  72369.108000
433 45000.000000  23511.556000  800.000000  0.000000  69311.556000
434 45000.000000  21049.533998  800.000000  0.000000  66849.533998
435 45000.000000  19373.893999  800.000000  0.000000  65173.893999
436 45000.000000  18404.494001  800.000000  0.000000  64204.494001
437 45000.000000  18107.812000  800.000000  0.000000  63907.812000
438 45000.000000  17193.702000  800.000000  0.000000  62993.702000
439 45000.000000  16489.463001  800.000000  0.000000  62289.463001
440 45000.000000  19271.140000  800.000000  0.000000  65071.140000
441 45000.000000  21935.676999  800.000000  0.000000  67735.676999
442 45000.000000  23554.707000  800.000000  0.000000  69354.707000
443 45000.000000  24081.877998  800.000000  0.000000  69881.877998
444 45000.000000  23610.794000  800.000000  0.000000  69410.794000
445 45000.000000  23403.985001  800.000000  0.000000  69203.985001
446 45000.000000  23581.417000  800.000000  0.000000  69381.417000
447 45000.000000  23510.599000  800.000000  0.000000  69310.599000
448 45000.000000  23030.045000  800.000000  0.000000  68830.045000
449 45000.000000  22354.822002  800.000000  0.000000  68154.822002
450 45000.000000  22022.231001  800.000000  0.000000  67822.231001
451 45000.000000  23497.957999  800.000000  0.000000  69297.957999
452 45000.000000  27817.737000  800.000000  0.000000  73617.737000
453 45000.000000  27998.092000  800.000000  0.000000  73798.092000
454 45000.000000  26302.955000  800.000000  0.000000  72102.955000
455 45000.000000  24457.738998  800.000000  0.000000  70257.738998
456 45000.000000  21796.658999  800.000000  0.000000  67596.658999
457 45000.000000  19170.973000  800.000000  0.000000  64970.973000
458 45000.000000  16954.198999  800.000000  0.000000  62754.198999
459 45000.000000  15124.068000  800.000000  0.000000  60924.068000
460 45000.000000  13506.504000  800.000000  0.000000  59306.504000
461 45000.000000  13114.331998  800.000000  0.000000  58914.331998
462 45000.000000  11379.456001  800.000000  0.000000  57179.456001
463 45000.000000  9353.141002  800.000000  0.000000  55153.141002
464 45000.000000  10379.593001  800.000000  0.000000  56179.593001
465 45000.000000  11815.191000  800.000000  0.000000  57615.191000
466 45000.000000  13158.553999  800.000000  0.000000  58958.553999
467 45000.000000  14196.454999  800.000000  0.000000  59996.454999
468 45000.000000  14493.250000  800.000000  0.000000  60293.250000
469 45000.000000  14736.879998  800.000000  0.000000  60536.879998
470 45000.000000  15177.205000  800.000000  0.000000  60977.205000
471 45000.000000  15487.007000  800.000000  0.000000  61287.007000
472 45000.000000  15654.056002  800.000000  0.000000  61454.056002
473 45000.000000  16523.714002  800.000000  0.000000  62323.714002
474 45000.000000  17155.079002  800.000000  0.000000  62955.079002
475 45000.000000  19859.579999  800.000000  0.000000  65659.579999
476 45000.000000  24600.034000  800.000000  0.000000  70400.034000
477 45000.000000  26180.402000  800.000000  0.000000  71980.402000
478 45000.000000  26203.486000  800.000000  0.000000  72003.486000
479 45000.000000  24581.109998  800.000000  0.000000  70381.109998
480 45000.000000  21798.114002  800.000000  0.000000  67598.114002
481 45000.000000  19108.773001  800.000000  0.000000  64908.773001
482 45000.000000  17248.725001  800.000000  0.000000  63048.725001
483 45000.000000  16246.703000  800.000000  0.000000  62046.703000
484 45000.000000  15925.872999  800.000000  0.000000  61725.872999
485 45000.000000  16885.188001  800.000000  0.000000  62685.188001
486 45000.000000  18584.117001  800.000000  0.000000  64384.117001
487 45000.000000  21225.695000  800.000000  0.000000  67025.695000
488 45000.000000  27282.842000  800.000000  0.000000  73082.842000
489 45000.000000  30000.000000  800.000000  0.000000  75800.000000
490 45000.000000  30000.000000  800.000000  0.000000  75800.000000
491 45000.000000  30000.000000  800.000000  0.000000  75800.000000
492 45000.000000  30000.000000  800.000000  0.000000  75800.000000
493 45000.000000  30000.000000  800.000000  0.000000  75800.000000
494 45000.000000  30000.000000  800.000000  0.000000  75800.000000
495 45000.000000  30000.000000  800.000000  0.000000  75800.000000
496 45000.000000  30000.000000  800.000000  0.000000  75800.000000
497 45000.000000  30000.000000  800.000000  0.000000  75800.000000
498 45000.000000  28480.073000  800.000000  0.000000  74280.073000
499 45000.000000  26821.337000  800.000000  0.000000  72621.337000
500 45000.000000  30000.000000  800.000000  0.000000  75800.000000
501 45000.000000  30000.000000  800.000000  0.000000  75800.000000
502 45000.000000  30000.000000  800.000000  0.000000  75800.000000
503 45000.000000  30000.000000  800.000000  0.000000  75800.000000
504 45000.000000  29139.483002  800.000000  0.000000  74939.483002
505 45000.000000  25814.718001  800.000000  0.000000  71614.718001
506 45000.000000  23205.198002  800.000000  0.000000  69005.198002
507 45000.000000  21615.813000  800.000000  0.000000  67415.813000
508 45000.000000  20933.246001  800.000000  0.000000  66733.246001
509 45000.000000  21338.334000  800.000000  0.000000  67138.334000
510 45000.000000  22211.835001  800.000000  0.000000  68011.835001
511 45000.000000  24507.817998  800.000000  0.000000  70307.817998
512 45000.000000  30000.000000  800.000000  0.000000  75800.000000
513 45000.000000  30000.000000  800.000000  0.000000  75800.000000
514 45000.000000  30000.000000  800.000000  0.000000  75800.000000
515 45000.000000  30000.000000  800.000000  0.000000  75800.000000
516 45000.000000  30000.000000  800.000000  0.000000  75800.000000
517 45000.000000  30000.000000  800.000000  0.000000  75800.000000
518 45000.000000  30000.000000  800.000000  0.000000  75800.000000
519 45000.000000  30000.000000  800.000000  0.000000  75800.000000
520 45000.000000  30000.000000  800.000000  0.000000  75800.000000
521 45000.000000  30000.000000  800.000000  0.000000  75800.000000
522 45000.000000  29944.283000  800.000000  0.000000  75744.283000
523 45000.000000  28113.117000  800.000000  0.000000  73913.117000
524 45000.000000  30000.000000  800.000000  0.000000  75800.000000
525 45000.000000  30000.000000  800.000000  0.000000  75800.000000
526 45000.000000  30000.000000  800.000000  0.000000  75800.000000
527 45000.000000  30000.000000  800.000000  0.000000  75800.000000
528 45000.000000  30000.000000  800.000000  0.000000  75800.000000
529 45000.000000  27015.344998  800.000000  0.000000  72815.344998
530 45000.000000  24476.353004  800.000000  0.000000  70276.353004
531 45000.000000  22895.623997  800.000000  0.000000  68695.623997
532 45000.000000  22220.832002  800.000000  0.000000  68020.832002
533 45000.000000  22840.964008  800.000000  0.000000  68640.964008
534 45000.000000  23649.763998  800.000000  0.000000  69449.763998
535 45000.000000  25853.041994  800.000000  0.000000  71653.041994
536 45000.000000  30000.000000  800.000000  0.000000  75800.000000
537 45000.000000  30000.000000  800.000000  0.000000  75800.000000
538 45000.000000  30000.000000  800.000000  0.000000  75800.000000
539 45000.000000  30000.000000  800.000000  0.000000  75800.000000
540 45000.000000  30000.000000  800.000000  0.000000  75800.000000
541 45000.000000  30000.000000  800.000000  0.000000  75800.000000
542 45000.000000  30000.000000  800.000000  0.000000  75800.000000
543 45000.000000  30000.000000  800.000000  0.000000  75800.000000
544 45000.000000  30000.000000  800.000000  0.000000  75800.000000
545 45000.000000  30000.000000  800.000000  0.000000  75800.000000
546 45000.000000  30000.000000  800.000000  0.000000  75800.000000
547 45000.000000  28657.403000  800.000000  0.000000  74457.403000
548 45000.000000  30000.000000  800.000000  0.000000  75800.000000
549 45000.000000  30000.000000  800.000000  0.000000  75800.000000
550 45000.000000  30000.000000  800.000000  0.000000  75800.000000
551 45000.000000  30000.000000  800.000000  0.000000  75800.000000
552 45000.000000  30000.000000  800.000000  0.000000  75800.000000
553 45000.000000  27043.724000  800.000000  0.000000  72843.724000
554 45000.000000  24502.885000  800.000000  0.000000  70302.885000
555 45000.000000  22892.339000  800.000000  0.000000  68692.339000
556 45000.000000  22152.622000  800.000000  0.000000  67952.622000
557 45000.000000  22739.871000  800.000000  0.000000  68539.871000
558 45000.000000  23615.121000  800.000000  0.000000  69415.121000
559 45000.000000  25526.779000  800.000000  0.000000  71326.779000
560 45000.000000  30000.000000  800.000000  0.000000  75800.000000
561 45000.000000  30000.000000  800.000000  0.000000  75800.000000
562 45000.000000  30000.000000  800.000000  0.000000  75800.000000
563 45000.000000  30000.000000  800.000000  0.000000  75800.000000
564 45000.000000  30000.000000  800.000000  0.000000  75800.000000
565 45000.000000  30000.000000  800.000000  0.000000  75800.000000
566 45000.000000  30000.000000  800.000000  0.000000  75800.000000
567 45000.000000  30000.000000  800.000000  0.000000  75800.000000
568 45000.000000  30000.000000  800.000000  0.000000  75800.000000
569 45000.000000  30000.000000  800.000000  0.000000  75800.000000
570 45000.000000  28817.741000  800.000000  0.000000  74617.741000
571 45000.000000  27409.631000  800.000000  0.000000  73209.631000
572 45000.000000  30000.000000  800.000000  0.000000  75800.000000
573 45000.000000  30000.000000  800.000000  0.000000  75800.000000
574 45000.000000  30000.000000  800.000000  0.000000  75800.000000
575 45000.000000  30000.000000  800.000000  0.000000  75800.000000
576 45000.000000  29156.594000  800.000000  0.000000  74956.594000
577 45000.000000  25377.985000  800.000000  0.000000  71177.985000
578 45000.000000  22929.704000  800.000000  0.000000  68729.704000
579 45000.000000  21448.520000  800.000000  0.000000  67248.520000
580 45000.000000  20796.791000  800.000000  0.000000  66596.791000
581 45000.000000  21085.802000  800.000000  0.000000  66885.802000
582 45000.000000  22063.421000  800.000000  0.000000  67863.421000
583 45000.000000  23125.464000  800.000000  0.000000  68925.464000
584 45000.000000  28514.377000  800.000000  0.000000  74314.377000
585 45000.000000  30000.000000  800.000000  0.000000  75800.000000
586 45000.000000  30000.000000  800.000000  0.000000  75800.000000
587 45000.000000  30000.000000  800.000000  0.000000  75800.000000
588 45000.000000  30000.000000  800.000000  0.000000  75800.000000
589 45000.000000  30000.000000  800.000000  0.000000  75800.000000
590 45000.000000  30000.000000  800.000000  0.000000  75800.000000
591 45000.000000  30000.000000  800.000000  0.000000  75800.000000
592 45000.000000  30000.000000  800.000000  0.000000  75800.000000
593 45000.000000  30000.000000  800.000000  0.000000  75800.000000
594 45000.000000  25984.269000  800.000000  0.000000  71784.269000
595 45000.000000  24910.087000  800.000000  0.000000  70710.087000
596 45000.000000  27581.416000  800.000000  0.000000  73381.416000
597 45000.000000  28690.359000  800.000000  0.000000  74490.359000
598 45000.000000  29088.598000  800.000000  0.000000  74888.598000
599 45000.000000  27416.808998  800.000000  0.000000  73216.808998
600 45000.000000  24433.098002  800.000000  0.000000  70233.098002
601 45000.000000  21168.366007  800.000000  0.000000  66968.366007
602 45000.000000  18840.942998  800.000000  0.000000  64640.942998
603 45000.000000  17404.223002  800.000000  0.000000  63204.223002
604 45000.000000  16406.452993  800.000000  0.000000  62206.452993
605 45000.000000  16195.024002  800.000000  0.000000  61995.024002
606 45000.000000  15503.924999  800.000000  0.000000  61303.924999
607 45000.000000  14837.198002  800.000000  0.000000  60637.198002
608 45000.000000  17598.562006  800.000000  0.000000  63398.562006
609 45000.000000  20303.194007  800.000000  0.000000  66103.194007
610 45000.000000  22055.278001  800.000000  0.000000  67855.278001
611 45000.000000  22499.297994  800.000000  0.000000  68299.297994
612 45000.000000  22164.592992  800.000000  0.000000  67964.592992
613 45000.000000  22168.930998  800.000000  0.000000  67968.930998
614 45000.000000  22426.327995  800.000000  0.000000  68226.327995
615 45000.000000  22217.573992  800.000000  0.000000  68017.573992
616 45000.000000  21782.080999  800.000000  0.000000  67582.080999
617 45000.000000  21256.280000  800.000000  0.000000  67056.280000
618 45000.000000  21013.886992  800.000000  0.000000  66813.886992
619 45000.000000  23126.967001  800.000000  0.000000  68926.967001
620 45000.000000  27270.512000  800.000000  0.000000  73070.512000
621 45000.000000  27301.394000  800.000000  0.000000  73101.394000
622 45000.000000  24818.687001  800.000000  0.000000  70618.687001
623 45000.000000  22691.062994  800.000000  0.000000  68491.062994
624 45000.000000  20012.194993  800.000000  0.000000  65812.194993
625 45000.000000  17179.197002  800.000000  0.000000  62979.197002
626 45000.000000  14825.295005  800.000000  0.000000  60625.295005
627 45000.000000  13313.116997  800.000000  0.000000  59113.116997
628 45000.000000  12167.317998  800.000000  0.000000  57967.317998
629 45000.000000  11435.857006  800.000000  0.000000  57235.857006
630 45000.000000  9878.464993  800.000000  0.000000  55678.464993
631 45000.000000  7823.383995  800.000000  0.000000  53623.383995
632 45000.000000  8945.977992  800.000000  0.000000  54745.977992
633 45000.000000  10293.943003  800.000000  0.000000  56093.943003
634 45000.000000  11654.916995  800.000000  0.000000  57454.916995
635 45000.000000  12612.691004  800.000000  0.000000  58412.691004
636 45000.000000  12897.222994  800.000000  0.000000  58697.222994
637 45000.000000  13115.133996  800.000000  0.000000  58915.133996
638 45000.000000  13381.401994  800.000000  0.000000  59181.401994
639 45000.000000  14035.901002  800.000000  0.000000  59835.901002
640 45000.000000  14834.276003  800.000000  0.000000  60634.276003
641 45000.000000  15829.626995  800.000000  0.000000  61629.626995
642 45000.000000  16463.234999  800.000000  0.000000  62263.234999
643 45000.000000  18634.177006  800.000000  0.000000  64434.177006
644 45000.000000  24028.187000  800.000000  0.000000  69828.187000
645 45000.000000  25509.005000  800.000000  0.000000  71309.005000
646 45000.000000  25953.921998  800.000000  0.000000  71753.921998
647 45000.000000  24217.954007  800.000000  0.000000  70017.954007
648 45000.000000  21201.211000  800.000000  0.000000  67001.211000
649 45000.000000  18192.795000  800.000000  0.000000  63992.795000
650 45000.000000  16383.270000  800.000000  0.000000  62183.270000
651 45000.000000  15285.613000  800.000000  0.000000  61085.613000
652 45000.000000  14735.566000  800.000000  0.000000  60535.566000
653 45000.000000  15804.939000  800.000000  0.000000  61604.939000
654 45000.000000  17857.103000  800.000000  0.000000  63657.103000
655 45000.000000  20581.211000  800.000000  0.000000  66381.211000
656 45000.000000  26919.151000  800.000000  0.000000  72719.151000
657 45000.000000  30000.000000  800.000000  0.000000  75800.000000
658 45000.000000  30000.000000  800.000000  0.000000  75800.000000
659 45000.000000  30000.000000  800.000000  0.000000  75800.000000
660 45000.000000  30000.000000  800.000000  0.000000  75800.000000
661 45000.000000  30000.000000  800.000000  0.000000  75800.000000
662 45000.000000  30000.000000  800.000000  0.000000  75800.000000
663 45000.000000  30000.000000  800.000000  0.000000  75800.000000
664 45000.000000  30000.000000  800.000000  0.000000  75800.000000
665 45000.000000  30000.000000  800.000000  0.000000  75800.000000
666 45000.000000  28137.630000  800.000000  0.000000  73937.630000
667 45000.000000  26576.292000  800.000000  0.000000  72376.292000
668 45000.000000  30000.000000  800.000000  0.000000  75800.000000
669 45000.000000  30000.000000  800.000000  0.000000  75800.000000
670 45000.000000  30000.000000  800.000000  0.000000  75800.000000
671 45000.000000  30000.000000  800.000000  0.000000  75800.000000
672 45000.000000  29146.461991  800.000000  0.000000  74946.461991
673 45000.000000  25391.993991  800.000000  0.000000  71191.993991
674 45000.000000  22776.089995  800.000000  0.000000  68576.089995
675 45000.000000  21165.227012  800.000000  0.000000  66965.227012
676 45000.000000  20357.390993  800.000000  0.000000  66157.390993
677 45000.000000  20885.399013  800.000000  0.000000  66685.399013
678 45000.000000  22079.536993  800.000000  0.000000  67879.536993
679 45000.000000  24200.781994  800.000000  0.000000  70000.781994
680 45000.000000  30000.000000  800.000000  0.000000  75800.000000
681 45000.000000  30000.000000  800.000000  0.000000  75800.000000
682 45000.000000  30000.000000  800.000000  0.000000  75800.000000
683 45000.000000  30000.000000  800.000000  0.000000  75800.000000
684 45000.000000  30000.000000  800.000000  0.000000  75800.000000
685 45000.000000  30000.000000  800.000000  0.000000  75800.000000
686 45000.000000  30000.000000  800.000000  0.000000  75800.000000
687 45000.000000  30000.000000  800.000000  0.000000  75800.000000
688 45000.000000  30000.000000  800.000000  0.000000  75800.000000
689 45000.000000  30000.000000  800.000000  0.000000  75800.000000
690 45000.000000  29684.358000  800.000000  0.000000  75484.358000
691 45000.000000  27977.158000  800.000000  0.000000  73777.158000
692 45000.000000  30000.000000  800.000000  0.000000  75800.000000
693 45000.000000  30000.000000  800.000000  0.000000  75800.000000
694 45000.000000  30000.000000  800.000000  0.000000  75800.000000
695 45000.000000  30000.000000  800.000000  0.000000  75800.000000
696 45000.000000  30000.000000  800.000000  0.000000  75800.000000
697 45000.000000  26981.533000  800.000000  0.000000  72781.533000
698 45000.000000  24343.986000  800.000000  0.000000  70143.986000
699 45000.000000  22639.984000  800.000000  0.000000  68439.984000
700 45000.000000  21991.970000  800.000000  0.000000  67791.970000
701 45000.000000  22435.525000  800.000000  0.000000  68235.525000
702 45000.000000  23521.107000  800.000000  0.000000  69321.107000
703 45000.000000  25269.599000  800.000000  0.000000  71069.599000
704 45000.000000  30000.000000  800.000000  0.000000  75800.000000
705 45000.000000  30000.000000  800.000000  0.000000  75800.000000
706 45000.000000  30000.000000  800.000000  0.000000  75800.000000
707 45000.000000  30000.000000  800.000000  0.000000  75800.000000
708 45000.000000  30000.000000  800.000000  0.000000  75800.000000
709 45000.000000  30000.000000  800.000000  0.000000  75800.000000
710 45000.000000  30000.000000  800.000000  0.000000  75800.000000
711 45000.000000  30000.000000  800.000000  0.000000  75800.000000
712 45000.000000  30000.000000  800.000000  0.000000  75800.000000
713 45000.000000  30000.000000  800.000000  0.000000  75800.000000
714 45000.000000  30000.000000  800.000000  0.000000  75800.000000
715 45000.000000  29033.404000  800.000000  0.000000  74833.404000
716 45000.000000  30000.000000  800.000000  0.000000  75800.000000
717 45000.000000  30000.000000  800.000000  0.000000  75800.000000
718 45000.000000  30000.000000  800.000000  0.000000  75800.000000
719 45000.000000  30000.000000  800.000000  0.000000  75800.000000
720 45000.000000  30000.000000  800.000000  0.000000  75800.000000
